Codi,Literal,Habitatges familiars  principals  convencionals,Habitatges familiars  principals  allotjaments,Habitatges familiars  no principals  secundaris,Habitatges familiars  no principals  vacants,Habitatges familiars  no principals  altres,Habitatges familiars    total,Establiments col·lectius
250019,Abella de la Conca,62,0,7,9,2,80,0
080018,Abrera,3123,0,597,423,21,4164,3
250024,Àger,200,0,256,3,0,459,1
250030,Agramunt,1515,0,188,274,26,2003,0
080023,Aguilar de Segarra,74,0,3,5,0,82,0
170010,Agullana,262,0,126,62,3,453,0
080142,Aiguafreda,791,0,218,232,0,1241,2
430017,Aiguamúrcia,262,0,360,65,0,687,0
170025,Aiguaviva,145,0,7,38,0,190,0
250387,Aitona,670,0,41,156,0,867,2
250045,"Alamús, els",223,0,0,41,1,265,0
250058,Alàs i Cerc,141,0,110,75,0,326,0
250061,"Albagés, l'",186,0,70,0,4,260,0
170031,Albanyà,40,0,9,1,4,54,0
250077,Albatàrrec,419,0,3,93,2,517,0
250083,Albesa,499,0,41,94,16,650,0
250096,"Albi, l'",291,0,112,49,3,455,0
430022,Albinyana,601,1,834,39,2,1477,0
430038,"Albiol, l'",77,0,102,6,0,185,0
170046,Albons,205,0,150,28,1,384,0
430043,Alcanar,2840,0,2211,995,39,6085,0
250100,Alcanó,82,0,13,24,0,119,0
250117,Alcarràs,1592,0,144,340,6,2082,1
250122,Alcoletge,597,0,11,203,2,813,1
430056,Alcover,1365,0,238,233,6,1842,1
439044,"Aldea, l'",1251,0,125,199,6,1581,1
430069,Aldover,261,0,41,57,0,359,0
430075,"Aleixar, l'",264,0,13,105,3,385,0
080039,Alella,2643,0,391,206,10,3250,5
430081,Alfara de Carles,118,0,129,1,8,256,0
250138,Alfarràs,1024,0,61,140,2,1227,0
250143,Alfés,110,0,32,42,0,184,0
430094,Alforja,497,0,275,125,0,897,1
250156,Algerri,171,0,36,38,3,248,0
250169,Alguaire,962,0,62,126,1,1151,0
250175,Alins,105,0,56,29,1,191,0
430108,Alió,135,0,42,21,1,199,0
250194,Almacelles,1885,0,81,239,10,2215,2
250208,Almatret,183,0,120,1,0,304,0
250215,Almenar,1171,0,76,247,1,1495,2
430115,Almoster,313,0,57,59,0,429,0
250220,Alòs de Balaguer,67,0,97,2,0,166,0
170062,Alp,500,0,2041,54,0,2595,1
080044,Alpens,101,0,86,21,1,209,0
250236,Alpicat,1375,0,296,90,5,1766,2
250241,Alt Àneu,166,0,36,0,1,203,0
430120,Altafulla,1215,0,2318,277,3,3813,0
170078,Amer,778,0,141,161,17,1097,1
430136,"Ametlla de Mar, l'",1950,0,3140,912,69,6071,0
080057,"Ametlla del Vallès, l'",1997,0,231,126,1,2355,3
439060,"Ampolla, l'",807,0,1993,61,2,2863,0
430141,Amposta,5911,0,623,1682,18,8234,2
170084,Anglès,1684,0,53,362,1,2100,1
250273,Anglesola,427,0,8,92,0,527,0
250292,Arbeca,795,0,179,143,1,1118,0
430167,"Arboç, l'",1286,0,66,370,4,1726,1
430154,Arbolí,43,0,54,1,0,98,0
170097,Arbúcies,1804,0,433,362,4,2603,5
080060,Arenys de Mar,4591,0,2347,429,109,7476,11
080076,Arenys de Munt,2356,0,248,597,0,3201,2
170101,Argelaguer,138,0,44,21,0,203,0
080082,Argençola,61,0,2,1,0,64,0
430173,"Argentera, l'",64,0,64,8,25,161,0
080095,Argentona,3277,3,815,525,10,4630,2
170118,"Armentera, l'",293,0,148,65,0,506,0
430189,Arnes,177,0,0,249,0,426,0
250313,Arres,22,0,2,1,0,25,0
250328,Arsèguel,33,0,35,3,0,71,0
080109,Artés,1533,0,91,356,31,2011,1
250334,Artesa de Lleida,446,0,29,58,2,535,0
250349,Artesa de Segre,1158,0,558,348,8,2072,1
430192,Ascó,606,0,31,178,0,815,0
250365,Aspa,106,0,35,5,0,146,0
250371,"Avellanes i Santa Linya, les",173,0,120,48,0,341,1
080116,Avià,669,0,106,182,0,957,0
080121,Avinyó,688,0,4,96,0,788,0
170123,Avinyonet de Puigventós,301,0,44,45,0,390,0
080137,Avinyonet del Penedès,424,0,63,78,0,565,0
080155,Badalona,71744,0,812,11300,112,83968,22
089045,Badia del Vallès,5045,0,213,549,2,5809,5
080168,Bagà,776,0,346,293,11,1426,1
250390,Baix Pallars,147,0,3,116,0,266,0
250404,Balaguer,4717,0,308,1308,4,6337,7
080174,Balenyà,1032,0,164,254,8,1458,1
080180,Balsareny,1146,0,171,247,0,1564,1
430206,Banyeres del Penedès,606,0,263,204,2,1075,0
170157,Banyoles,7838,0,712,2088,50,10688,22
250411,Barbens,251,0,68,35,3,357,2
430213,Barberà de la Conca,173,0,221,47,0,441,0
082520,Barberà del Vallès,8868,0,131,1069,40,10108,1
080193,Barcelona,594451,1,57719,100771,4986,757928,534
250426,"Baronia de Rialb, la",95,0,63,30,0,188,0
170160,Bàscara,275,0,8,73,0,356,0
250447,Bassella,79,1,17,12,0,109,0
430228,Batea,657,0,212,149,0,1018,0
250450,Bausen,26,0,0,4,0,30,0
080207,Begues,1541,0,623,69,1,2234,1
170139,Begur,1322,0,3142,0,1,4465,0
250463,Belianes,226,0,188,4,4,422,0
251706,Bellaguarda,122,0,40,35,1,198,0
170182,Bellcaire d'Empordà,203,0,105,23,0,331,0
250479,Bellcaire d'Urgell,450,0,66,53,0,569,0
250485,Bell-lloc d'Urgell,722,0,16,44,0,782,1
250498,Bellmunt d'Urgell,79,0,24,25,0,128,0
430234,Bellmunt del Priorat,134,0,167,13,0,314,0
080214,Bellprat,29,0,27,3,0,59,0
250501,Bellpuig,1392,0,220,259,1,1872,2
430249,Bellvei,490,0,518,83,6,1097,0
250518,Bellver de Cerdanya,649,0,941,165,38,1793,2
250523,Bellvís,779,1,8,70,7,865,0
250539,Benavent de Segrià,342,0,4,67,0,413,0
430252,Benifallet,273,0,128,12,15,428,0
430265,Benissanet,379,0,1,221,1,602,0
080229,Berga,5618,0,884,1265,37,7804,13
170195,Besalú,762,0,113,121,0,996,0
170209,Bescanó,1145,0,142,107,0,1394,0
170216,Beuda,47,0,1,30,0,78,0
080235,Bigues i Riells del Fai,1979,1,1194,22,0,3196,1
250557,Biosca,81,0,33,23,0,137,0
170221,"Bisbal d'Empordà, la",2880,0,384,670,21,3955,1
430271,"Bisbal de Falset, la",81,0,79,21,0,181,0
430287,"Bisbal del Penedès, la",815,0,1441,171,0,2427,1
172348,Biure,99,0,65,16,0,180,0
430290,Blancafort,150,0,87,69,0,306,0
170237,Blanes,11186,0,9356,2335,110,22987,5
170293,Boadella i les Escaules,81,0,54,27,2,164,0
170242,Bolvir,110,0,338,2,0,450,0
430304,Bonastre,154,0,211,31,0,396,0
250576,"Bòrdes, Es",77,0,50,0,1,128,0
170255,Bordils,463,0,38,89,0,590,0
250582,"Borges Blanques, les",1831,0,97,931,4,2863,0
430311,"Borges del Camp, les",587,0,39,183,0,809,1
170268,Borrassà,178,0,0,14,1,193,0
080240,Borredà,181,0,218,3,1,403,2
250595,Bossòst,348,0,16,145,0,509,0
430326,Bot,275,0,83,83,2,443,0
430332,Botarell,256,0,72,76,2,406,0
250560,Bovera,137,0,37,37,4,215,0
430347,Bràfim,225,0,67,69,1,362,0
170274,Breda,1200,0,181,180,2,1563,0
080253,"Bruc, el",461,0,0,257,0,718,0
080266,"Brull, el",57,0,0,44,0,101,1
170280,Brunyola i Sant Martí Sapresa,109,0,1,10,0,120,0
430350,Cabacés,118,0,73,23,0,214,0
250609,Cabanabona,35,0,17,27,0,79,0
170314,Cabanelles,87,0,12,3,0,102,0
170307,Cabanes,273,0,46,30,0,349,0
080272,"Cabanyes, les",183,0,18,31,0,232,1
250616,Cabó,42,0,6,0,0,48,0
430363,Cabra del Camp,259,0,448,6,1,714,0
080288,Cabrera d'Anoia,253,0,360,0,0,613,0
080291,Cabrera de Mar,1243,0,617,60,1,1921,0
080305,Cabrils,1653,0,759,88,0,2500,2
170329,Cadaqués,826,0,1722,74,0,2622,2
080312,Calaf,1050,0,260,446,2,1758,0
430379,Calafell,5418,0,16478,2001,86,23983,2
080348,Calders,288,0,202,30,1,521,0
080327,Caldes d'Estrac,765,0,545,405,2,1717,3
170335,Caldes de Malavella,1473,0,477,125,3,2078,3
080333,Caldes de Montbui,4778,0,970,836,23,6607,5
080351,Calella,5187,0,2502,1135,142,8966,7
080370,Calldetenes,620,0,1,75,1,697,1
080386,Callús,471,0,67,65,0,603,0
080364,Calonge de Segarra,58,0,86,0,0,144,0
170340,Calonge i Sant Antoni,4025,0,6637,303,18,10983,2
250621,Camarasa,314,0,185,66,14,579,1
439039,Camarles,997,0,49,140,14,1200,0
430385,Cambrils,7669,2,14987,2474,243,25375,6
170353,Camós,190,0,34,32,0,256,0
170366,Campdevànol,1255,0,66,199,3,1523,1
170372,Campelles,47,0,101,4,0,152,0
080399,Campins,118,0,1,21,0,140,0
170388,Campllong,106,0,21,13,0,140,0
170391,Camprodon,899,0,1085,275,4,2263,2
250637,Canejan,46,0,11,41,5,103,0
170405,Canet d'Adri,189,0,19,5,0,213,0
080403,Canet de Mar,3907,1,1353,840,1,6102,4
080410,Canovelles,4214,0,39,921,0,5174,6
080425,Cànoves i Samalús,651,0,474,12,0,1137,1
170412,Cantallops,103,0,73,50,0,226,0
080431,Canyelles,803,0,1236,2,84,2125,0
430398,Capafonts,55,0,77,9,0,141,0
430402,Capçanes,154,0,63,46,0,263,0
080446,Capellades,1639,0,131,100,3,1873,1
170427,Capmany,179,0,0,101,0,280,0
080459,Capolat,24,0,14,11,0,49,0
080462,Cardedeu,4413,0,950,433,1,5797,4
080478,Cardona,1946,0,280,477,0,2703,3
080484,Carme,231,0,102,44,5,382,0
430419,Caseres,116,0,75,0,0,191,0
170448,Cassà de la Selva,2738,1,206,846,32,3823,1
080497,Casserres,564,0,56,151,0,771,0
080575,Castell de l'Areny,26,0,12,8,0,46,0
259046,Castell de Mur,66,1,71,2,0,140,0
250642,Castellar de la Ribera,39,0,8,20,0,67,0
080522,Castellar de n'Hug,61,0,76,76,9,222,0
080500,Castellar del Riu,48,0,19,2,0,69,0
080517,Castellar del Vallès,6171,0,849,1328,21,8369,5
080538,Castellbell i el Vilar,1061,0,120,181,0,1362,1
080543,Castellbisbal,3080,0,370,433,6,3889,0
080556,Castellcir,144,0,42,26,1,213,0
250674,Castelldans,355,0,32,59,2,448,0
080569,Castelldefels,16585,0,5648,2966,692,25891,19
080581,Castellet i la Gornal,571,0,352,95,11,1029,0
170464,Castellfollit de la Roca,382,0,63,77,2,524,0
080608,Castellfollit de Riubregós,72,0,29,22,0,123,0
080594,Castellfollit del Boix,132,0,6,9,0,147,0
080615,Castellgalí,340,0,70,75,0,485,1
080620,Castellnou de Bages,209,0,126,24,0,359,0
250680,Castellnou de Seana,253,0,91,21,26,391,0
170470,Castelló d'Empúries,2371,0,6028,5147,45,13591,1
250693,Castelló de Farfanya,205,1,117,29,3,355,0
080636,Castellolí,145,0,43,0,0,188,0
170486,Castell-Platja d'Aro,2849,0,9299,983,1,13132,4
250707,Castellserà,384,0,52,48,0,484,0
080641,Castellterçol,736,0,0,320,1,1057,1
430424,Castellvell del Camp,484,0,308,40,0,832,0
080654,Castellví de la Marca,474,0,133,119,0,726,0
080667,Castellví de Rosanes,407,0,267,0,102,776,1
430430,"Catllar, el",895,0,1454,59,15,2423,0
250714,Cava,24,0,33,10,2,69,0
171899,"Cellera de Ter, la",677,0,48,107,0,832,1
170499,Celrà,949,0,14,185,0,1148,0
080673,Centelles,2056,0,254,302,0,2612,3
082687,Cercs,561,0,98,271,0,930,0
082665,Cerdanyola del Vallès,18278,0,985,2916,196,22375,9
080689,Cervelló,2050,0,498,134,13,2695,4
250729,Cervera,2710,0,379,759,4,3852,5
250735,Cervià de les Garrigues,328,0,165,70,6,569,0
170502,Cervià de Ter,240,0,48,67,1,356,0
170519,Cistella,82,0,7,61,2,152,0
250740,Ciutadilla,79,0,78,20,0,177,0
250753,Clariana de Cardener,43,0,7,10,3,63,0
250766,"Cogul, el",83,4,18,19,1,125,0
170545,Colera,221,0,442,173,1,837,0
250772,Coll de Nargó,222,0,135,7,0,364,0
080692,Collbató,925,0,668,76,2,1671,0
430458,Colldejou,58,0,33,5,0,96,0
080706,Collsuspina,94,0,91,1,1,187,0
170558,Colomers,75,0,44,10,8,137,0
251636,"Coma i la Pedra, la",99,0,434,44,0,577,3
251615,Conca de Dalt,162,0,0,191,0,353,0
430461,Conesa,59,0,90,17,0,166,0
430477,Constantí,1692,0,49,390,0,2131,0
080713,Copons,118,0,64,33,0,215,0
430483,Corbera d'Ebre,340,0,23,92,1,456,0
080728,Corbera de Llobregat,3285,0,1418,444,69,5216,6
250788,Corbins,386,1,36,36,2,461,0
170577,Corçà,386,0,87,3,0,476,0
080734,Cornellà de Llobregat,28891,0,440,3441,63,32835,10
170561,Cornellà del Terri,607,0,27,111,0,745,0
430496,Cornudella de Montsant,353,0,278,96,5,732,0
430509,Creixell,828,0,2372,145,12,3357,1
170583,Crespià,79,0,20,17,0,116,1
179011,"Cruïlles, Monells i Sant Sadurní de l'Heura",367,0,77,11,0,455,0
080749,Cubelles,2897,0,1845,176,2856,7774,2
250791,Cubells,123,0,113,41,0,277,1
430516,Cunit,2658,0,8748,27,65,11498,2
170600,Darnius,221,0,117,41,0,379,0
170617,Das,56,0,180,16,1,253,0
439018,Deltebre,3314,0,781,315,18,4428,2
080752,Dosrius,1043,0,363,86,3,1495,1
430537,Duesaigües,86,0,84,15,6,191,0
170622,"Escala, l'",2347,0,9670,1027,185,13229,0
080765,Esparreguera,6470,0,990,1406,80,8946,2
170638,Espinelves,69,0,31,6,0,106,1
250812,"Espluga Calba, l'",153,0,111,44,13,321,0
430542,"Espluga de Francolí, l'",1225,0,377,360,3,1965,2
080771,Esplugues de Llobregat,15575,0,503,1819,77,17974,10
170643,Espolla,133,0,87,20,0,240,0
170656,Esponellà,111,0,41,26,0,178,1
250827,Espot,114,0,69,0,0,183,0
080787,"Espunyola, l'",74,0,0,5,0,79,0
082541,"Esquirol, l'",716,0,237,71,0,1024,2
250886,Estamariu,43,0,12,9,0,64,0
080790,"Estany, l'",148,0,110,29,8,295,1
250851,Estaràs,63,0,3,4,0,70,0
250864,Esterri d'Àneu,247,0,442,12,12,713,1
250870,Esterri de Cardós,25,0,29,1,3,58,0
430555,Falset,895,0,190,173,0,1258,2
170059,"Far d'Empordà, el",141,0,5,26,0,172,0
250899,Farrera,45,0,0,4,0,49,0
430568,"Fatarella, la",416,0,83,78,3,580,1
430574,"Febró, la",25,0,26,9,0,60,1
081347,Figaró-Montmany,302,0,101,54,0,457,2
080804,Fígols,22,0,10,2,0,34,0
259084,Fígols i Alinyà,106,0,51,7,0,164,0
430580,"Figuera, la",52,0,116,10,1,179,0
170669,Figueres,12357,0,1524,3685,90,17656,8
430593,Figuerola del Camp,110,0,99,19,0,228,0
170675,Flaçà,325,0,45,79,3,452,0
430607,Flix,1419,0,38,559,0,2016,0
250925,"Floresta, la",74,0,37,31,0,142,0
080826,Fogars de la Selva,291,0,475,0,0,766,0
080811,Fogars de Montclús,117,0,25,0,0,142,0
170681,Foixà,114,0,59,7,5,185,0
080832,Folgueroles,584,0,109,22,0,715,0
250931,Fondarella,210,0,11,8,0,229,0
080847,Fonollosa,350,0,293,23,0,666,0
170694,Fontanals de Cerdanya,154,0,811,39,0,1004,0
170708,Fontanilles,46,0,39,1,7,93,0
170715,Fontcoberta,344,0,7,68,0,419,1
080850,Font-rubí,425,0,241,20,3,689,0
250946,Foradada,68,1,33,32,1,135,0
179026,Forallac,561,0,176,77,8,822,0
430614,Forès,26,0,58,10,0,94,0
170736,Fornells de la Selva,515,0,33,221,0,769,0
170741,Fortià,194,0,39,35,0,268,1
080863,"Franqueses del Vallès, les",4420,0,199,1137,0,5756,4
430629,Freginals,136,0,34,52,0,222,0
250962,"Fuliola, la",417,0,13,79,0,509,1
250978,Fulleda,39,0,44,14,0,97,0
080902,Gaià,47,0,42,16,0,105,0
430635,"Galera, la",286,0,2,139,0,427,0
080879,Gallifa,67,0,64,0,0,131,0
430640,Gandesa,897,0,91,353,13,1354,0
430653,Garcia,201,0,104,89,8,402,0
430666,"Garidells, els",57,0,49,4,0,110,0
080885,"Garriga, la",4180,0,406,805,10,5401,4
170754,Garrigàs,112,1,64,5,0,182,0
170767,Garrigoles,58,0,3,41,0,102,0
170773,Garriguella,270,0,23,58,0,351,1
080898,Gavà,13790,0,2833,1820,25,18468,9
250984,Gavet de la Conca,116,0,126,29,10,281,0
080919,Gelida,1661,0,636,340,17,2654,1
170789,Ger,151,0,164,7,1,323,0
259123,Gimenells i el Pla de la Font,354,0,23,54,1,432,0
430672,Ginestar,292,0,39,111,1,443,0
170792,Girona,27689,0,4972,7381,997,41039,44
080924,Gironella,1798,0,109,516,17,2440,1
080930,Gisclareny,14,0,12,1,0,27,0
430688,Godall,279,0,70,216,1,566,0
250997,Golmés,446,1,30,83,0,560,0
170806,Gombrèn,92,0,14,67,0,173,1
251001,Gósol,95,0,195,2,0,292,0
080945,"Granada, la",471,0,13,46,0,530,0
251018,"Granadella, la",287,0,92,56,0,435,0
080958,Granera,32,0,0,9,0,41,0
251023,"Granja d'Escarp, la",386,0,50,106,0,542,0
080961,Granollers,18638,1,768,2838,134,22379,14
251039,Granyanella,54,0,85,1,0,140,0
251057,Granyena de les Garrigues,70,0,18,70,0,158,0
251044,Granyena de Segarra,58,0,58,0,8,124,0
430691,Gratallops,81,0,102,21,15,219,0
080977,Gualba,308,0,96,35,0,439,1
170813,Gualta,104,0,80,29,5,218,0
080996,Guardiola de Berguedà,374,0,81,183,0,638,0
430705,"Guiamets, els",107,0,28,16,0,151,0
170828,Guils de Cerdanya,136,0,266,0,0,402,0
251095,Guimerà,151,0,115,12,1,279,0
259031,"Guingueta d'Àneu, la",143,0,13,0,0,156,0
251109,Guissona,1228,0,139,271,1,1639,0
251116,Guixers,57,0,37,5,0,99,0
081000,Gurb,599,1,14,83,12,709,0
430712,Horta de Sant Joan,461,0,446,19,21,947,0
081017,"Hospitalet de Llobregat, l'",87872,0,4170,14409,292,106743,21
081629,"Hostalets de Pierola, els",545,0,267,302,0,1114,0
170834,Hostalric,1041,0,191,191,0,1423,0
081022,Igualada,11900,0,1779,4754,29,18462,9
251155,Isona i Conca Dellà,438,0,324,40,24,826,0
170849,Isòvol,77,0,7,18,0,102,0
251137,Ivars d'Urgell,575,1,50,47,12,685,0
251121,Ivars de Noguera,112,0,44,10,1,167,0
251142,Ivorra,50,0,17,5,0,72,0
170852,Jafre,130,0,46,24,4,204,0
170865,"Jonquera, la",926,0,44,244,1,1215,1
081038,Jorba,214,0,97,10,0,321,1
259101,Josa i Tuixén,59,0,55,69,0,183,0
170871,Juià,97,0,23,9,0,129,0
251180,Juncosa,197,0,61,43,0,301,0
251193,Juneda,980,0,123,248,0,1351,3
251214,Les,252,1,0,104,23,380,0
251229,Linyola,803,0,19,186,10,1018,0
081043,"Llacuna, la",317,0,486,3,2,808,0
170887,Lladó,190,0,134,1,0,325,0
251235,Lladorre,94,3,12,0,0,109,0
251240,Lladurs,67,0,49,4,0,120,0
081056,"Llagosta, la",4204,0,68,643,0,4915,1
170890,Llagostera,3499,0,332,1085,2,4918,9
170904,Llambilles,107,0,0,2,0,109,1
170911,Llanars,200,0,241,136,0,577,0
170926,Llançà,1607,0,4584,214,213,6618,0
251253,Llardecans,224,0,50,44,0,318,0
251266,Llavorsí,124,0,113,5,19,261,0
251207,Lleida,40446,2,6596,9033,1247,57324,36
170932,Llers,353,0,48,57,0,458,0
251272,Lles de Cerdanya,106,0,149,14,4,273,1
081075,Lliçà d'Amunt,3398,0,2278,143,1,5820,1
081081,Lliçà de Vall,1691,0,505,212,1,2409,1
251288,Llimiana,64,0,111,5,1,181,0
081069,Llinars del Vallès,2480,0,648,119,22,3269,2
170947,Llívia,423,0,1517,132,3,2075,1
430727,"Lloar, el",48,0,58,5,0,111,0
251291,Llobera,55,0,0,14,3,72,0
430733,Llorac,45,0,27,8,0,80,0
430748,Llorenç del Penedès,566,0,121,79,2,768,0
170950,Lloret de Mar,7428,0,7164,2117,411,17120,7
170963,"Llosses, les",98,0,75,70,2,245,0
081094,Lluçà,87,0,66,39,1,193,0
171024,Maçanet de Cabrenys,269,0,99,106,3,477,1
171030,Maçanet de la Selva,1421,0,827,128,0,2376,0
170979,Madremanya,71,0,35,6,0,112,0
170985,Maià de Montcal,120,0,45,25,0,190,0
251333,Maials,345,0,102,82,2,531,0
251305,Maldà,114,0,124,0,1,239,0
081108,Malgrat de Mar,5103,0,1324,1207,251,7885,6
081115,Malla,59,0,15,11,0,85,0
081120,Manlleu,5869,0,105,1222,12,7208,3
081136,Manresa,24228,0,1385,6830,214,32657,35
430764,Marçà,256,0,174,0,0,430,0
430751,Margalef,53,0,63,9,0,125,0
082423,Marganell,86,0,6,6,2,100,2
081141,Martorell,8098,0,236,1180,24,9538,7
081154,Martorelles,1698,0,65,568,5,2336,0
430770,Mas de Barberans,239,0,54,103,1,397,0
171002,Masarac,79,0,17,12,0,108,0
430786,Masdenverge,322,0,0,73,0,395,0
081167,"Masies de Roda, les",225,0,0,37,0,262,0
081173,"Masies de Voltregà, les",955,0,0,245,1,1201,4
430799,Masllorenç,169,0,161,37,0,367,0
081189,"Masnou, el",7375,0,1316,909,89,9689,7
430803,"Masó, la",94,0,20,24,0,138,0
430810,Maspujols,180,0,155,3,0,338,0
081192,Masquefa,1982,0,342,1149,2,3475,0
430825,"Masroig, el",208,0,62,53,0,323,0
251312,Massalcoreig,187,0,2,109,1,299,0
171019,Massanes,208,0,27,18,2,255,0
251327,Massoteres,67,0,15,10,1,93,0
081206,Matadepera,2076,0,357,296,0,2729,2
081213,Mataró,37850,0,1040,7571,259,46720,12
081228,Mediona,595,0,731,24,2,1352,1
251348,Menàrguens,292,0,51,37,0,380,0
170998,Meranges,35,0,57,24,1,117,0
171058,Mieres,108,0,73,44,0,225,0
430831,"Milà, el",53,0,14,18,0,85,0
251351,Miralcamp,392,0,34,5,2,433,0
430846,Miravet,282,0,75,5,0,362,0
081385,Moià,1534,0,825,264,50,2673,5
430859,"Molar, el",112,0,67,31,0,210,0
081234,Molins de Rei,7370,0,670,903,9,8952,5
251370,Mollerussa,3412,0,200,961,2,4575,5
171061,Mollet de Peralada,70,0,12,30,0,112,0
081249,Mollet del Vallès,16780,0,182,2742,103,19807,8
171077,Molló,126,0,183,59,1,369,0
251364,"Molsosa, la",31,0,7,9,0,47,0
081287,Monistrol de Calders,212,0,101,15,1,329,0
081271,Monistrol de Montserrat,919,0,70,285,1,1275,4
171096,Montagut i Oix,300,0,4,39,1,344,0
430862,Montblanc,2149,0,519,535,8,3211,2
430884,Montbrió del Camp,544,0,89,116,1,750,0
081252,Montcada i Reixac,9967,0,204,2407,10,12588,2
081304,Montclar,32,0,0,2,0,34,0
251399,Montellà i Martinet,220,0,273,27,5,525,2
081311,Montesquiu,320,0,125,59,2,506,1
251403,Montferrer i Castellbò,267,0,198,100,0,565,0
430897,Montferri,61,0,173,26,0,260,0
251386,Montgai,279,0,68,31,0,378,0
081265,Montgat,3044,0,478,622,7,4151,0
081326,Montmajor,137,0,42,39,0,218,0
081332,Montmaneu,60,0,47,6,1,114,0
430901,"Montmell, el",289,0,741,22,1,1053,0
081350,Montmeló,2914,0,51,271,1,3237,1
251425,Montoliu de Lleida,149,0,0,76,0,225,0
251410,Montoliu de Segarra,71,0,39,0,0,110,0
251431,Montornès de Segarra,38,0,43,6,0,87,0
081363,Montornès del Vallès,4439,0,421,848,48,5756,1
430918,Mont-ral,67,0,92,1,0,160,0
171100,Mont-ras,520,0,87,62,0,669,0
430923,Mont-roig del Camp,2629,0,4736,3116,162,10643,0
081379,Montseny,95,0,0,6,0,101,0
430939,Móra d'Ebre,1579,0,79,426,6,2090,1
430944,Móra la Nova,1006,0,114,209,0,1329,0
430957,"Morell, el",784,0,64,175,0,1023,0
430960,"Morera de Montsant, la",61,0,81,0,1,143,0
081290,Muntanyola,125,0,115,0,0,240,0
081398,Mura,87,0,90,22,0,199,0
251459,Nalec,35,0,41,12,8,96,0
250254,Naut Aran,529,0,2579,26,63,3197,1
081402,Navarcles,1798,0,213,224,71,2306,1
081419,Navàs,1932,0,87,364,4,2387,0
171117,Navata,282,0,137,84,0,503,0
251462,Navès,82,0,46,10,7,145,0
081424,"Nou de Berguedà, la",47,0,51,17,0,115,0
430976,"Nou de Gaià, la",145,0,47,0,1,193,0
430982,Nulles,137,0,74,1,25,237,0
251484,Odèn,73,0,0,28,0,101,0
081430,Òdena,895,0,72,204,2,1173,0
171122,Ogassa,109,0,104,9,0,222,0
081458,Olèrdola,828,1,246,185,0,1260,0
081461,Olesa de Bonesvalls,388,0,94,11,0,493,0
081477,Olesa de Montserrat,6156,0,257,1710,4,8127,7
251497,Oliana,644,0,225,108,0,977,1
251500,Oliola,78,0,35,29,0,142,0
251517,Olius,181,0,123,15,1,320,0
081483,Olivella,558,0,213,116,0,887,1
081496,Olost,399,0,108,152,0,659,0
171143,Olot,10399,0,507,2532,214,13652,6
251522,"Oluges, les",66,0,28,4,0,98,0
081445,Olvan,324,0,46,82,7,459,0
251538,"Omellons, els",92,0,26,18,0,136,0
251543,"Omells de na Gaia, els",60,0,95,18,0,173,0
171156,Ordis,116,0,41,32,0,189,0
251556,Organyà,379,0,172,148,4,703,0
081509,Orís,73,0,13,24,0,110,0
081516,Oristà,188,0,5,56,0,249,0
081521,Orpí,51,0,28,4,2,85,0
081537,Òrrius,164,0,106,14,0,284,0
251569,Os de Balaguer,286,0,205,42,0,533,3
171169,Osor,78,0,61,56,3,198,0
251575,Ossó de Sió,76,0,53,0,0,129,0
081542,Pacs del Penedès,230,0,35,34,0,299,0
081555,Palafolls,1996,0,511,144,6,2657,3
171175,Palafrugell,6566,2,7628,989,31,15216,5
171181,Palamós,5473,0,2105,2998,41,10617,5
251581,"Palau d'Anglesola, el",572,0,29,95,0,696,0
171194,Palau de Santa Eulàlia,33,0,42,0,0,75,0
171215,Palau-sator,103,1,67,18,0,189,0
171208,Palau-saverdera,331,0,261,34,2,628,1
081568,Palau-solità i Plegamans,3681,0,1036,219,23,4959,1
431009,"Pallaresos, els",895,0,327,50,3,1275,0
081574,Pallejà,2856,0,641,456,166,4119,7
430995,"Palma d'Ebre, la",154,0,87,26,2,269,0
089058,"Palma de Cervelló, la",946,0,192,146,15,1299,1
171236,Palol de Revardit,108,0,31,7,5,151,1
171241,Pals,821,0,2096,152,3,3072,0
081580,"Papiol, el",1152,0,127,94,2,1375,1
171254,Pardines,55,0,125,14,2,196,0
081593,Parets del Vallès,5108,0,355,690,33,6186,4
171267,Parlavà,117,0,40,37,4,198,0
431016,Passanant i Belltall,86,0,151,49,0,286,0
171289,Pau,161,0,96,0,1,258,0
431021,Paüls,200,0,31,0,0,231,0
171292,Pedret i Marzà,49,0,13,0,0,62,0
251641,Penelles,159,0,39,24,1,223,1
171306,"Pera, la",136,0,40,36,0,212,0
081607,Perafita,134,0,68,28,0,230,0
431037,Perafort,218,0,6,101,2,327,0
171328,Peralada,503,0,125,153,1,782,0
251654,Peramola,120,0,107,43,0,270,0
431042,"Perelló, el",817,0,51,278,16,1162,0
081614,Piera,3468,1,3443,1682,9,8603,7
431055,"Piles, les",67,0,79,15,0,161,0
081635,Pineda de Mar,7603,0,3538,3265,84,14490,9
431068,"Pinell de Brai, el",348,0,38,128,3,517,0
251667,Pinell de Solsonès,61,0,16,28,4,109,0
251673,Pinós,88,0,61,7,7,163,0
431074,Pira,167,0,54,13,0,234,0
431080,"Pla de Santa Maria, el",587,0,100,132,1,820,1
081640,"Pla del Penedès, el",313,0,45,55,0,413,0
171334,"Planes d'Hostoles, les",599,0,112,129,0,840,0
171349,Planoles,118,0,347,51,10,526,0
259118,"Plans de Sió, els",182,0,174,3,0,359,0
251689,"Poal, el",216,1,25,12,0,254,0
251692,"Pobla de Cérvoles, la",97,0,121,23,0,241,0
081653,"Pobla de Claramunt, la",648,0,71,224,0,943,0
081666,"Pobla de Lillet, la",552,0,164,286,3,1005,1
431093,"Pobla de Mafumet, la",390,0,2,93,0,485,0
431107,"Pobla de Massaluca, la",141,0,41,55,0,237,0
431114,"Pobla de Montornès, la",599,0,355,0,0,954,0
251713,"Pobla de Segur, la",1123,0,541,357,23,2044,2
431129,Poboleda,138,0,223,4,0,365,0
081672,Polinyà,1740,0,66,263,5,2074,1
431135,"Pont d'Armentera, el",205,0,39,106,0,350,0
250306,"Pont de Bar, el",66,0,22,6,0,94,0
171352,Pont de Molins,161,0,9,10,0,180,0
251734,"Pont de Suert, el",793,0,373,193,17,1376,1
081825,"Pont de Vilomara i Rocafort, el",952,0,53,185,0,1190,0
431418,Pontils,48,0,64,10,0,122,0
081688,Pontons,161,0,300,51,0,512,0
171365,Pontós,85,0,18,21,0,124,0
251728,Ponts,846,0,248,263,1,1358,3
171371,Porqueres,1145,0,40,101,0,1286,0
431140,Porrera,183,0,122,6,2,313,0
171404,"Port de la Selva, el",328,0,1223,7,2,1560,0
171387,Portbou,596,0,252,44,33,925,0
251749,"Portella, la",225,4,34,28,0,291,0
431153,Pradell de la Teixeta,75,0,56,8,0,139,0
431166,Prades,234,0,421,68,1,724,0
431172,Prat de Comte,75,0,32,67,0,174,0
081691,"Prat de Llobregat, el",21315,0,201,2294,205,24015,12
431188,Pratdip,220,0,394,41,2,657,0
081712,Prats de Lluçanès,900,0,10,275,1,1186,2
081705,"Prats de Rei, els",199,0,26,52,2,279,1
251752,Prats i Sansor,81,0,345,6,0,432,1
251765,Preixana,145,0,16,43,0,204,0
251771,Preixens,174,0,85,42,0,301,0
082303,Premià de Dalt,2930,0,596,111,1,3638,3
081727,Premià de Mar,9155,0,1627,887,44,11713,3
171390,"Preses, les",506,0,45,65,1,617,0
251790,Prullans,81,0,121,0,0,202,0
171411,Puigcerdà,2661,0,1591,614,55,4921,2
081748,Puigdàlber,118,0,21,6,0,145,0
251804,Puiggròs,107,0,28,18,1,154,0
431191,Puigpelat,216,0,139,36,3,394,0
081751,Puig-reig,1524,0,45,304,2,1875,5
251811,Puigverd d'Agramunt,95,0,14,13,0,122,0
251826,Puigverd de Lleida,381,0,123,54,2,560,1
081764,Pujalt,60,0,10,46,0,116,0
081770,"Quar, la",21,0,3,0,0,24,0
171426,Quart,769,0,46,141,6,962,0
170433,Queralbs,79,0,260,1,0,340,0
431205,Querol,133,0,449,18,1,601,0
171432,Rabós,69,0,11,37,0,117,0
081786,Rajadell,141,0,16,12,0,169,0
431212,Rasquera,273,0,112,79,1,465,0
171447,Regencós,104,0,57,19,0,180,0
081799,Rellinars,148,0,262,31,1,442,0
431227,Renau,26,0,17,3,0,46,0
431233,Reus,31244,0,2439,6825,367,40875,35
251832,Rialp,205,0,247,53,5,510,1
431248,"Riba, la",269,0,0,183,0,452,0
431251,Riba-roja d'Ebre,494,0,0,349,0,843,0
259059,Ribera d'Ondara,148,0,7,41,0,196,0
251850,Ribera d'Urgellet,292,0,306,2,0,600,0
171450,Ribes de Freser,790,0,302,232,0,1324,1
171463,Riells i Viabrea,816,0,1072,29,5,1922,0
431264,"Riera de Gaià, la",377,0,122,101,10,610,0
251863,Riner,78,0,0,46,2,126,1
171479,Ripoll,4002,0,178,973,7,5160,5
081803,Ripollet,10613,0,255,2325,44,13237,5
259139,Riu de Cerdanya,32,0,42,2,0,76,0
171485,Riudarenes,502,0,179,78,0,759,0
171498,Riudaura,140,0,15,37,0,192,0
431270,Riudecanyes,303,0,146,16,0,465,0
431286,Riudecols,366,0,105,92,1,564,0
171501,Riudellots de la Selva,505,0,0,21,0,526,0
431299,Riudoms,1810,0,127,247,11,2195,0
171518,Riumors,78,0,1,43,0,122,0
081810,"Roca del Vallès, la",2630,0,406,127,2,3165,1
431303,Rocafort de Queralt,116,0,80,26,0,222,0
431310,Roda de Berà,1513,0,4555,400,125,6593,1
081831,Roda de Ter,1747,0,27,333,5,2112,1
431325,Rodonyà,161,1,177,38,0,377,0
431331,Roquetes,2312,0,657,526,14,3509,2
171523,Roses,4830,1,17122,707,7,22667,2
251898,Rosselló,614,0,60,155,2,831,1
431346,"Rourell, el",103,0,7,46,1,157,0
081846,Rubí,21044,0,2955,4089,137,28225,7
081859,Rubió,35,0,39,11,1,86,0
171539,Rupià,69,0,97,1,0,167,0
089019,Rupit i Pruit,123,0,93,16,0,232,0
081878,Sabadell,65707,1,2158,11852,314,80032,39
081884,Sagàs,42,0,0,4,0,46,0
251902,Salàs de Pallars,134,0,127,78,0,339,0
081901,Saldes,106,0,16,0,0,122,0
171544,Sales de Llierca,34,0,14,6,0,54,0
081918,Sallent,2552,0,69,821,1,3443,4
431359,Salomó,152,0,9,107,1,269,0
439057,Salou,5601,0,13358,6102,3819,28880,3
171557,Salt,7651,0,301,1724,18,9694,39
251919,Sanaüja,180,0,116,46,0,342,0
081944,Sant Adrià de Besòs,11119,0,60,1757,0,12936,8
081957,Sant Agustí de Lluçanès,27,0,34,11,3,75,0
081960,Sant Andreu de la Barca,7718,0,132,1236,0,9086,3
081976,Sant Andreu de Llavaneres,2666,0,948,1343,17,4974,4
171576,Sant Andreu Salou,47,0,20,11,0,78,0
171833,Sant Aniol de Finestres,106,1,20,45,0,172,0
081982,Sant Antoni de Vilamajor,1317,0,57,271,0,1645,0
081995,Sant Bartomeu del Grau,318,0,58,47,1,424,1
082009,Sant Boi de Llobregat,26809,0,1000,3696,43,31548,6
082016,Sant Boi de Lluçanès,169,0,76,49,2,296,2
431362,Sant Carles de la Ràpita,4184,0,2162,1156,3,7505,1
082037,Sant Cebrià de Vallalta,763,0,307,190,0,1260,0
082021,Sant Celoni,4337,1,512,1165,1,6016,2
082042,Sant Climent de Llobregat,1071,0,64,167,0,1302,2
171582,Sant Climent Sescebes,158,0,25,68,2,253,0
082055,Sant Cugat del Vallès,19806,0,2792,5911,227,28736,19
082068,Sant Cugat Sesgarrigues,236,0,52,45,0,333,0
251961,Sant Esteve de la Sarga,48,0,69,0,0,117,0
082074,Sant Esteve de Palautordera,523,0,187,0,0,710,0
082080,Sant Esteve Sesrovires,1734,0,624,80,23,2461,2
171595,Sant Feliu de Buixalleu,267,0,250,29,43,589,0
082107,Sant Feliu de Codines,1644,0,527,370,10,2551,4
171609,Sant Feliu de Guíxols,6607,2,4691,1301,1220,13821,5
082114,Sant Feliu de Llobregat,13979,0,514,2056,43,16592,10
171616,Sant Feliu de Pallerols,439,0,118,164,0,721,0
082129,Sant Feliu Sasserra,218,0,55,54,0,327,0
171621,Sant Ferriol,66,0,12,19,0,97,0
082093,Sant Fost de Campsentelles,2172,0,269,74,1,2516,4
082135,Sant Fruitós de Bages,2017,0,84,331,10,2442,2
171637,Sant Gregori,798,0,30,48,3,879,2
251924,Sant Guim de Freixenet,348,0,125,46,0,519,0
251977,Sant Guim de la Plana,55,0,25,20,0,100,0
171642,Sant Hilari Sacalm,1778,0,295,361,16,2450,2
082153,Sant Hipòlit de Voltregà,1067,0,16,329,5,1417,3
081939,Sant Iscle de Vallalta,353,0,0,136,0,489,0
439023,Sant Jaume d'Enveja,1091,0,188,181,0,1460,0
082166,Sant Jaume de Frontanyà,10,0,16,5,1,32,1
171655,Sant Jaume de Llierca,268,0,34,42,0,344,0
431378,Sant Jaume dels Domenys,564,0,489,73,1,1127,0
171674,Sant Joan de les Abadesses,1341,0,317,257,7,1922,2
171680,Sant Joan de Mollet,142,0,22,2,0,166,0
082188,Sant Joan de Vilatorrada,3178,0,56,536,10,3780,2
082172,Sant Joan Despí,10012,0,594,1331,64,12001,4
171851,Sant Joan les Fonts,988,1,25,189,9,1212,1
171668,Sant Jordi Desvalls,220,0,82,38,0,340,0
089030,Sant Julià de Cerdanyola,97,0,148,6,0,251,0
171693,Sant Julià de Ramis,677,0,8,71,0,756,1
082205,Sant Julià de Vilatorta,808,0,112,153,0,1073,0
179032,Sant Julià del Llor i Bonmatí,379,0,129,9,0,517,1
082212,Sant Just Desvern,4660,0,279,855,11,5805,4
082227,Sant Llorenç d'Hortons,610,0,328,37,0,975,1
171714,Sant Llorenç de la Muga,84,0,86,0,0,170,0
251930,Sant Llorenç de Morunys,324,0,429,85,10,848,4
082233,Sant Llorenç Savall,690,0,454,21,2,1167,2
082251,Sant Martí d'Albars,33,0,23,12,0,68,0
082248,Sant Martí de Centelles,281,0,63,21,0,365,0
171729,Sant Martí de Llémena,175,0,74,40,0,289,0
259025,Sant Martí de Riucorb,262,0,164,83,0,509,0
082264,Sant Martí de Tous,356,0,66,70,4,496,0
082270,Sant Martí Sarroca,803,0,134,93,0,1030,0
082286,Sant Martí Sesgueioles,120,0,55,36,0,211,0
171735,Sant Martí Vell,77,0,2,0,0,79,0
082299,Sant Mateu de Bages,231,0,21,84,0,336,0
171740,Sant Miquel de Campmajor,66,0,26,24,0,116,0
171753,Sant Miquel de Fluvià,212,0,75,15,0,302,0
171766,Sant Mori,51,0,56,16,0,123,0
171772,Sant Pau de Segúries,243,0,101,76,0,420,2
082310,Sant Pere de Ribes,8073,0,2583,986,41,11683,6
082325,Sant Pere de Riudebitlles,731,0,39,155,20,945,0
082331,Sant Pere de Torelló,761,0,34,117,0,912,1
082346,Sant Pere de Vilamajor,1006,0,0,553,1,1560,0
171788,Sant Pere Pescador,522,0,364,19,0,905,0
081897,Sant Pere Sallavinera,46,0,25,22,0,93,0
082359,Sant Pol de Mar,1506,0,1356,571,2,3435,1
082362,Sant Quintí de Mediona,645,0,242,191,0,1078,0
082378,Sant Quirze de Besora,752,1,150,175,0,1078,1
082384,Sant Quirze del Vallès,4314,0,779,197,8,5298,3
082397,Sant Quirze Safaja,156,0,113,0,0,269,1
251945,Sant Ramon,178,0,45,6,0,229,0
082401,Sant Sadurní d'Anoia,3274,0,83,573,28,3958,1
082418,Sant Sadurní d'Osormort,28,0,0,0,0,28,0
080983,Sant Salvador de Guardiola,773,0,487,31,4,1295,1
082628,Sant Vicenç de Castellet,2532,0,0,593,0,3125,1
082649,Sant Vicenç de Montalt,1392,0,1174,46,0,2612,0
082652,Sant Vicenç de Torelló,651,0,38,74,6,769,0
082634,Sant Vicenç dels Horts,8174,0,940,1709,13,10836,5
431384,Santa Bàrbara,1248,0,70,351,5,1674,0
082439,Santa Cecília de Voltregà,58,0,2,0,0,60,0
082444,Santa Coloma de Cervelló,1966,0,299,279,9,2553,2
171805,Santa Coloma de Farners,3269,0,635,459,9,4372,1
082457,Santa Coloma de Gramenet,39428,1,734,5405,173,45741,10
431397,Santa Coloma de Queralt,962,1,142,232,3,1340,1
171812,Santa Cristina d'Aro,1894,0,2061,149,2,4106,5
082460,Santa Eugènia de Berga,622,0,20,64,0,706,0
082476,Santa Eulàlia de Riuprimer,287,0,13,64,0,364,0
082482,Santa Eulàlia de Ronçana,1677,1,883,107,5,2673,0
082495,Santa Fe del Penedès,98,0,13,5,0,116,0
171827,Santa Llogaia d'Àlguema,99,0,1,32,0,132,0
082508,Santa Margarida de Montbui,3047,0,53,793,2,3895,0
082515,Santa Margarida i els Monjos,1686,1,12,264,0,1963,1
082589,Santa Maria d'Oló,329,0,103,92,3,527,0
082536,Santa Maria de Besora,60,0,27,9,2,98,0
082567,Santa Maria de Martorelles,249,0,77,16,0,342,1
082554,Santa Maria de Merlès,43,0,15,63,3,124,0
082573,Santa Maria de Miralles,41,0,2,0,0,43,0
082592,Santa Maria de Palautordera,2335,1,980,169,1,3486,0
431401,Santa Oliva,792,0,476,77,0,1345,2
171848,Santa Pau,479,0,28,87,0,594,0
082606,Santa Perpètua de Mogoda,6928,0,267,1073,55,8323,2
082613,Santa Susanna,729,0,891,52,0,1672,1
081923,Santpedor,1802,0,101,283,0,2186,3
431423,Sarral,510,0,251,88,12,861,0
171864,Sarrià de Ter,1307,0,115,108,1,1531,1
252017,Sarroca de Bellera,66,0,58,0,0,124,0
252000,Sarroca de Lleida,159,0,37,3,27,226,0
171870,"Saus, Camallera i Llampaies",262,0,60,42,0,364,0
431439,Savallà del Comtat,27,0,65,9,0,101,0
431444,"Secuita, la",405,0,193,124,5,727,0
171886,"Selva de Mar, la",82,0,163,5,0,250,0
431457,"Selva del Camp, la",1443,0,81,359,3,1886,1
431460,Senan,17,0,40,6,0,63,0
430445,"Sénia, la",1832,0,401,1274,54,3561,1
252022,Senterada,44,0,75,1,0,120,0
250352,"Sentiu de Sió, la",154,0,56,24,0,234,0
082671,Sentmenat,2016,0,319,414,9,2758,3
171903,Serinyà,302,0,25,77,1,405,0
252043,Seròs,617,0,117,144,6,884,0
171910,Serra de Daró,67,0,46,2,0,115,0
171925,Setcases,71,0,281,10,0,362,0
252038,"Seu d'Urgell, la",4045,0,553,974,10,5582,6
082690,Seva,909,0,474,85,2,1470,1
252056,Sidamon,204,0,10,30,0,244,0
171931,Sils,1123,0,823,1,3,1950,0
082704,Sitges,8098,2,5371,1961,1152,16584,5
170524,Siurana,55,0,4,12,0,71,0
082711,Sobremunt,25,0,26,3,0,54,0
252069,"Soleràs, el",138,0,25,66,1,230,0
431476,Solivella,247,0,146,37,1,431,0
252075,Solsona,2548,0,365,851,13,3777,3
082726,Sora,64,0,45,15,0,124,0
252081,Soriguera,126,0,148,36,0,310,0
252094,Sort,750,1,704,95,1,1551,1
252108,Soses,465,0,67,92,2,626,1
082732,Subirats,907,0,357,114,2,1380,1
252115,Sudanell,243,0,13,80,0,336,1
252120,Sunyer,93,1,10,22,0,126,0
082747,Súria,2105,0,164,524,0,2793,1
171946,Susqueda,41,0,28,1,0,70,0
082763,Tagamanent,80,0,0,3,0,83,0
082779,Talamanca,39,0,175,13,0,227,0
252154,Talarn,134,0,63,70,3,270,0
252167,Talavera,96,0,11,9,0,116,0
171959,"Tallada d'Empordà, la",114,0,59,24,0,197,0
082785,Taradell,1718,0,531,176,2,2427,1
431482,Tarragona,41115,1,6911,10136,851,59014,21
252173,Tàrrega,4594,0,501,1386,2,6483,4
252189,Tarrés,47,0,27,9,1,84,0
252192,Tarroja de Segarra,62,0,8,32,0,102,0
082750,Tavèrnoles,74,0,7,33,0,114,0
082802,Tavertet,57,0,88,22,1,168,0
082819,Teià,1773,0,156,156,1,2086,1
252206,Térmens,457,0,41,108,0,606,0
171962,Terrades,82,0,44,9,4,139,0
082798,Terrassa,63058,1,1842,13760,212,78873,22
082824,Tiana,1955,0,349,188,4,2496,3
252213,Tírvia,51,0,74,7,0,132,0
252228,Tiurana,7,0,5,1,0,13,0
431495,Tivenys,327,0,148,40,3,518,0
431508,Tivissa,636,0,316,117,9,1078,0
082830,Tona,2050,0,371,456,13,2890,3
252234,Torà,416,0,78,100,0,594,1
082845,Tordera,3807,6,682,1248,1,5744,2
082858,Torelló,4299,0,139,792,20,5250,1
252249,"Torms, els",71,0,26,17,1,115,0
252252,Tornabous,282,0,78,20,1,381,0
252271,"Torre de Cabdella, la",274,0,0,173,0,447,0
082861,"Torre de Claramunt, la",821,0,125,79,23,1048,2
431515,"Torre de Fontaubella, la",56,0,29,7,0,92,0
431520,"Torre de l'Espanyol, la",237,0,104,0,0,341,0
252265,Torrebesses,122,0,56,36,1,215,0
431536,Torredembarra,4178,0,7635,319,96,12228,1
252287,Torrefarrera,652,0,5,267,0,924,2
259078,Torrefeta i Florejacs,228,0,25,1,10,264,0
252304,Torregrossa,739,0,48,160,0,947,1
252311,Torrelameu,187,0,14,33,0,234,0
082877,Torrelavit,377,0,68,101,5,551,0
082883,Torrelles de Foix,665,0,144,157,0,966,0
082896,Torrelles de Llobregat,1284,0,312,125,1,1722,1
171978,Torrent,59,1,21,11,0,92,0
252326,Torres de Segre,638,0,50,134,2,824,0
252332,Torre-serona,115,0,3,12,0,130,0
171984,Torroella de Fluvià,148,0,5,34,0,187,0
171997,Torroella de Montgrí,2963,0,5530,656,1943,11092,1
431541,Torroja del Priorat,60,0,125,0,0,185,0
172001,Tortellà,280,0,26,61,1,368,0
431554,Tortosa,10227,0,1421,3469,98,15215,12
172018,Toses,61,1,120,13,0,195,0
172023,Tossa de Mar,1773,0,4441,296,24,6534,1
252347,Tremp,2022,1,1026,1232,16,4297,1
172044,Ullà,265,0,52,38,0,355,0
082900,Ullastrell,405,0,103,91,0,599,0
172057,Ullastret,80,0,0,51,0,131,0
431567,Ulldecona,2027,0,291,809,2,3129,0
431573,Ulldemolins,201,0,199,10,10,420,0
172039,Ultramort,69,1,8,6,0,84,0
172060,Urús,71,0,238,3,0,312,0
082917,Vacarisses,1168,0,1753,93,30,3044,1
170144,"Vajol, la",40,0,16,12,1,69,0
172076,"Vall d'en Bas, la",884,0,263,199,1,1347,0
172082,"Vall de Bianya, la",420,0,93,83,3,599,0
250432,"Vall de Boí, la",350,0,356,69,1,776,0
259010,Vall de Cardós,144,0,236,11,9,400,0
082922,Vallbona d'Anoia,356,4,3,101,0,464,0
252385,Vallbona de les Monges,101,0,170,9,1,281,2
082938,Vallcebre,95,0,100,9,0,204,0
431589,Vallclara,49,0,96,1,0,146,0
252402,Vallfogona de Balaguer,478,0,19,25,1,523,0
171707,Vallfogona de Ripollès,80,0,64,40,0,184,0
431592,Vallfogona de Riucorb,49,0,135,0,0,184,1
082943,Vallgorguina,540,0,491,3,0,1034,0
082956,Vallirana,3266,2,1434,537,8,5247,12
172095,Vall-llobrega,179,0,141,15,12,347,0
431606,Vallmoll,447,0,61,273,0,781,0
082969,Vallromanes,572,0,16,255,1,844,0
431613,Valls,7044,0,872,1772,11,9699,5
259062,"Valls d'Aguilar, les",124,0,19,10,0,153,0
252398,"Valls de Valira, les",257,0,87,64,19,427,0
431628,Vandellòs i l'Hospitalet de l'Infant,1478,0,1204,914,17,3613,1
259097,"Vansa i Fórnols, la",74,0,0,42,0,116,0
082975,Veciana,49,0,31,13,0,93,0
431634,"Vendrell, el",8846,1,15601,2246,56,26750,3
172109,Ventalló,248,0,188,61,0,497,0
252424,Verdú,329,0,206,6,4,545,2
172116,Verges,395,0,37,64,28,524,0
431649,Vespella de Gaià,97,0,169,1,0,267,0
082981,Vic,11456,0,1415,2483,56,15410,25
172121,Vidrà,53,0,43,6,0,102,0
172137,Vidreres,1799,0,1020,190,4,3013,1
252430,Vielha e Mijaran,1501,0,1719,187,7,3414,3
431652,Vilabella,264,0,54,60,0,378,0
172142,Vilabertran,281,0,18,42,0,341,0
172155,Vilablareix,598,0,9,51,1,659,0
082994,Vilada,193,0,34,10,0,237,0
172174,Viladamat,143,0,57,29,0,229,0
172168,Viladasens,60,0,18,7,0,85,0
083015,Viladecans,19366,0,386,2718,67,22537,5
083008,Viladecavalls,1946,0,353,140,18,2457,3
172180,Vilademuls,226,0,16,207,0,449,0
172207,Viladrau,311,0,471,1,0,783,2
172214,Vilafant,1353,2,49,139,12,1555,0
083054,Vilafranca del Penedès,11053,0,870,2451,108,14482,10
252445,Vilagrassa,144,0,23,38,0,205,0
172235,Vilajuïga,364,0,26,66,4,460,0
431750,Vilalba dels Arcs,246,0,107,32,2,387,0
083067,Vilalba Sasserra,184,0,46,12,0,242,0
252458,Vilaller,224,0,165,28,1,418,1
172240,Vilallonga de Ter,171,0,232,29,6,438,0
431665,Vilallonga del Camp,429,0,45,52,0,526,0
172253,Vilamacolum,91,0,9,1,0,101,0
172266,Vilamalla,281,0,49,61,2,393,0
172272,Vilamaniscle,54,0,72,0,0,126,0
252477,Vilamòs,47,0,34,9,0,90,1
172288,Vilanant,109,0,35,14,3,161,0
431671,Vilanova d'Escornalbou,159,0,59,28,0,246,0
252483,Vilanova de Bellpuig,378,0,14,97,0,489,0
252496,Vilanova de l'Aguda,75,0,33,28,0,136,0
252542,Vilanova de la Barca,314,1,54,42,1,412,2
252509,Vilanova de Meià,164,0,271,20,0,455,0
431687,Vilanova de Prades,51,0,62,19,1,133,0
083036,Vilanova de Sau,124,0,76,48,4,252,0
252516,Vilanova de Segrià,269,0,1,65,0,335,0
083020,Vilanova del Camí,3393,0,1,981,0,4375,0
089024,Vilanova del Vallès,885,0,357,179,1,1422,1
083073,Vilanova i la Geltrú,20154,0,4920,3572,237,28883,12
431690,Vilaplana,196,0,30,37,1,264,0
431704,Vila-rodona,400,0,159,100,0,659,0
172305,Vila-sacra,140,0,12,33,1,186,0
252521,Vila-sana,178,0,2,34,0,214,1
431711,Vila-seca,4555,0,7837,1003,142,13537,0
082140,Vilassar de Dalt,2622,1,331,340,7,3301,6
082191,Vilassar de Mar,6160,0,2143,617,110,9030,7
172229,Vilaür,46,0,30,7,0,83,0
431726,Vilaverd,154,0,58,52,0,264,0
431732,"Vilella Alta, la",51,0,44,22,0,117,0
431747,"Vilella Baixa, la",80,0,111,25,1,217,0
172333,Vilobí d'Onyar,745,0,100,159,0,1004,0
083041,Vilobí del Penedès,290,0,25,15,0,330,0
172327,Vilopriu,67,0,78,2,0,147,0
252537,"Vilosell, el",89,0,107,20,3,219,0
431763,Vimbodí i Poblet,382,0,169,103,1,655,1
252555,Vinaixa,229,0,40,64,0,333,0
431779,Vinebre,164,0,1,111,0,276,0
431785,Vinyols i els Arcs,463,0,625,49,0,1137,2
083089,Viver i Serrateix,49,0,4,46,0,99,0
430521,Xerta,438,0,1,328,1,768,0
,Catalunya,2315774,82,514943,452921,30435,3314155,1781

