Codi,Literal,De propietat. Per compra pagada,De propietat. Per compra amb pagaments pendents,De propietat. Per herència o donació,De lloguer,Cedit gratis o a baix preu,Altres formes,Total
250019,Abella de la Conca,6,1,36,5,2,12,62
080018,Abrera,1183,1599,84,150,14,93,3123
250024,Àger,49,8,112,22,3,6,200
250030,Agramunt,580,338,273,194,31,99,1515
080023,Aguilar de Segarra,18,7,33,10,2,4,74
170010,Agullana,119,28,59,33,4,19,262
080142,Aiguafreda,335,165,65,163,40,23,791
430017,Aiguamúrcia,122,34,44,25,25,12,262
170025,Aiguaviva,43,45,20,21,8,8,145
250387,Aitona,394,30,123,37,83,3,670
250045,"Alamús, els",110,23,59,14,15,2,223
250058,Alàs i Cerc,51,8,67,10,3,2,141
250061,"Albagés, l'",62,28,74,12,3,7,186
170031,Albanyà,11,3,8,12,2,4,40
250077,Albatàrrec,73,108,155,50,5,28,419
250083,Albesa,175,79,173,17,15,40,499
250096,"Albi, l'",81,27,124,22,3,34,291
430022,Albinyana,354,138,35,28,13,33,601
430038,"Albiol, l'",42,25,6,0,2,2,77
170046,Albons,80,27,54,21,12,11,205
430043,Alcanar,1269,475,648,271,62,115,2840
250100,Alcanó,20,1,44,1,4,12,82
250117,Alcarràs,547,288,403,81,48,225,1592
250122,Alcoletge,320,95,105,45,19,13,597
430056,Alcover,550,366,188,170,37,54,1365
439044,"Aldea, l'",660,142,274,98,6,71,1251
430069,Aldover,54,28,153,9,10,7,261
430075,"Aleixar, l'",100,46,80,22,5,11,264
080039,Alella,1035,966,177,309,48,108,2643
430081,Alfara de Carles,63,6,38,3,4,4,118
250138,Alfarràs,503,226,114,100,50,31,1024
250143,Alfés,31,4,65,6,0,4,110
430094,Alforja,214,75,127,49,26,6,497
250156,Algerri,34,12,83,4,5,33,171
250169,Alguaire,343,144,218,69,24,164,962
250175,Alins,28,1,64,2,2,8,105
430108,Alió,65,18,32,9,5,6,135
250194,Almacelles,844,482,267,154,59,79,1885
250208,Almatret,53,10,106,3,6,5,183
250215,Almenar,540,126,250,112,56,87,1171
430115,Almoster,106,145,40,8,8,6,313
250220,Alòs de Balaguer,29,3,28,4,1,2,67
170062,Alp,174,105,40,111,22,48,500
080044,Alpens,44,14,18,14,3,8,101
250236,Alpicat,520,649,93,59,28,26,1375
250241,Alt Àneu,47,25,69,12,6,7,166
430120,Altafulla,396,580,71,91,31,46,1215
170078,Amer,373,127,118,113,19,28,778
430136,"Ametlla de Mar, l'",751,449,399,151,65,135,1950
080057,"Ametlla del Vallès, l'",696,883,98,213,37,70,1997
439060,"Ampolla, l'",418,126,120,63,37,43,807
430141,Amposta,2524,1764,749,578,151,145,5911
170084,Anglès,989,336,107,200,20,32,1684
250273,Anglesola,160,47,166,30,7,17,427
250292,Arbeca,182,57,245,38,30,243,795
430167,"Arboç, l'",466,364,121,212,80,43,1286
430154,Arbolí,36,1,1,2,1,2,43
170097,Arbúcies,832,413,111,346,46,56,1804
080060,Arenys de Mar,1811,1426,335,774,98,147,4591
080076,Arenys de Munt,835,876,237,246,54,108,2356
170101,Argelaguer,71,5,35,21,0,6,138
080082,Argençola,21,5,17,8,2,8,61
430173,"Argentera, l'",19,2,25,3,5,10,64
080095,Argentona,1304,1202,161,382,131,97,3277
170118,"Armentera, l'",126,29,70,36,9,23,293
430189,Arnes,51,7,103,5,1,10,177
250313,Arres,5,3,10,0,2,2,22
250328,Arsèguel,16,0,12,3,2,0,33
080109,Artés,633,429,188,189,23,71,1533
250334,Artesa de Lleida,118,118,159,26,5,20,446
250349,Artesa de Segre,394,130,332,175,29,98,1158
430192,Ascó,286,28,200,38,34,20,606
250365,Aspa,20,2,62,3,17,2,106
250371,"Avellanes i Santa Linya, les",102,4,57,4,3,3,173
080116,Avià,314,74,76,131,73,1,669
080121,Avinyó,305,136,90,111,5,41,688
170123,Avinyonet de Puigventós,80,145,34,20,6,16,301
080137,Avinyonet del Penedès,176,71,98,43,8,28,424
080155,Badalona,37337,20851,2146,8822,706,1882,71744
089045,Badia del Vallès,3659,1210,52,31,13,80,5045
080168,Bagà,328,137,78,151,68,14,776
250390,Baix Pallars,108,6,9,19,4,1,147
250404,Balaguer,2401,1158,241,658,109,150,4717
080174,Balenyà,450,250,87,162,17,66,1032
080180,Balsareny,477,325,119,112,55,58,1146
430206,Banyeres del Penedès,179,138,86,100,79,24,606
170157,Banyoles,4582,1605,529,624,143,355,7838
250411,Barbens,123,6,86,12,20,4,251
430213,Barberà de la Conca,57,14,64,22,13,3,173
082520,Barberà del Vallès,4195,3706,204,507,84,172,8868
080193,Barcelona,271693,117543,15854,169137,8075,12149,594451
250426,"Baronia de Rialb, la",25,2,54,9,2,3,95
170160,Bàscara,176,20,33,27,4,15,275
250447,Bassella,11,1,49,6,4,8,79
430228,Batea,234,28,340,34,13,8,657
250450,Bausen,5,0,21,0,0,0,26
080207,Begues,417,739,124,174,22,65,1541
170139,Begur,675,354,74,108,46,65,1322
250463,Belianes,72,15,92,15,31,1,226
251706,Bellaguarda,25,6,76,0,15,0,122
170182,Bellcaire d'Empordà,83,15,45,35,4,21,203
250479,Bellcaire d'Urgell,157,72,167,12,21,21,450
250485,Bell-lloc d'Urgell,513,112,35,36,7,19,722
250498,Bellmunt d'Urgell,25,6,38,1,3,6,79
430234,Bellmunt del Priorat,53,6,56,5,13,1,134
080214,Bellprat,3,3,18,1,3,1,29
250501,Bellpuig,521,374,262,145,16,74,1392
430249,Bellvei,170,150,79,51,18,22,490
250518,Bellver de Cerdanya,215,112,120,146,26,30,649
250523,Bellvís,298,64,320,30,12,55,779
250539,Benavent de Segrià,129,134,41,25,11,2,342
430252,Benifallet,108,22,122,4,4,13,273
430265,Benissanet,98,29,200,46,2,4,379
080229,Berga,2766,1073,227,1330,96,126,5618
170195,Besalú,391,98,128,108,15,22,762
170209,Bescanó,571,338,73,115,14,34,1145
170216,Beuda,9,4,10,22,0,2,47
080235,Bigues i Riells del Fai,653,1024,89,99,22,92,1979
250557,Biosca,16,3,47,7,4,4,81
170221,"Bisbal d'Empordà, la",1485,651,113,497,55,79,2880
430271,"Bisbal de Falset, la",14,0,63,3,1,0,81
430287,"Bisbal del Penedès, la",365,170,149,55,28,48,815
172348,Biure,30,17,34,7,9,2,99
430290,Blancafort,34,11,76,12,16,1,150
170237,Blanes,5402,3473,494,1238,227,352,11186
170293,Boadella i les Escaules,21,13,35,3,7,2,81
170242,Bolvir,52,18,13,19,1,7,110
430304,Bonastre,40,26,47,22,5,14,154
250576,"Bòrdes, Es",16,13,35,10,0,3,77
170255,Bordils,183,84,70,89,9,28,463
250582,"Borges Blanques, les",893,380,258,132,51,117,1831
430311,"Borges del Camp, les",263,127,86,72,25,14,587
170268,Borrassà,132,22,0,16,7,1,178
080240,Borredà,70,12,28,48,17,6,181
250595,Bossòst,90,84,85,55,18,16,348
430326,Bot,80,37,136,9,8,5,275
430332,Botarell,74,106,48,10,9,9,256
250560,Bovera,133,1,1,2,0,0,137
430347,Bràfim,54,20,94,23,15,19,225
170274,Breda,548,264,76,234,20,58,1200
080253,"Bruc, el",150,150,91,47,11,12,461
080266,"Brull, el",23,5,11,7,9,2,57
170280,Brunyola i Sant Martí Sapresa,66,12,3,23,2,3,109
430350,Cabacés,28,6,78,1,2,3,118
250609,Cabanabona,7,0,23,3,0,2,35
170314,Cabanelles,49,3,0,30,1,4,87
170307,Cabanes,112,36,69,33,22,1,273
080272,"Cabanyes, les",58,72,29,10,2,12,183
250616,Cabó,5,2,32,0,3,0,42
430363,Cabra del Camp,78,70,61,20,12,18,259
080288,Cabrera d'Anoia,113,97,22,9,2,10,253
080291,Cabrera de Mar,444,466,94,151,34,54,1243
080305,Cabrils,533,720,86,212,44,58,1653
170329,Cadaqués,278,140,117,183,43,65,826
080312,Calaf,731,84,45,157,11,22,1050
430379,Calafell,2373,1934,263,585,123,140,5418
080348,Calders,117,70,29,47,9,16,288
080327,Caldes d'Estrac,300,244,50,127,16,28,765
170335,Caldes de Malavella,706,424,108,141,24,70,1473
080333,Caldes de Montbui,1937,1530,231,853,85,142,4778
080351,Calella,2101,1357,454,920,104,251,5187
080370,Calldetenes,421,80,18,55,18,28,620
080386,Callús,221,85,28,122,7,8,471
080364,Calonge de Segarra,20,4,28,0,1,5,58
170340,Calonge i Sant Antoni,1810,1000,347,453,87,328,4025
250621,Camarasa,104,10,142,19,18,21,314
439039,Camarles,451,100,247,56,45,98,997
430385,Cambrils,3189,2863,211,1017,235,154,7669
170353,Camós,119,22,18,11,3,17,190
170366,Campdevànol,685,258,43,186,61,22,1255
170372,Campelles,17,6,13,5,1,5,47
080399,Campins,33,29,13,26,10,7,118
170388,Campllong,45,15,18,22,0,6,106
170391,Camprodon,400,129,140,162,46,22,899
250637,Canejan,12,4,26,3,1,0,46
170405,Canet d'Adri,86,16,43,42,1,1,189
080403,Canet de Mar,1543,1282,278,484,87,233,3907
080410,Canovelles,2238,1266,61,532,37,80,4214
080425,Cànoves i Samalús,295,224,44,37,17,34,651
170412,Cantallops,28,12,43,12,4,4,103
080431,Canyelles,333,366,36,36,10,22,803
430398,Capafonts,19,6,24,3,0,3,55
430402,Capçanes,33,15,93,7,3,3,154
080446,Capellades,822,371,117,246,24,59,1639
170427,Capmany,53,30,53,28,4,11,179
080459,Capolat,12,2,2,7,0,1,24
080462,Cardedeu,1555,1684,224,718,60,172,4413
080478,Cardona,827,337,90,581,21,90,1946
080484,Carme,176,9,12,27,1,6,231
430419,Caseres,28,5,71,6,2,4,116
170448,Cassà de la Selva,1344,619,284,354,26,111,2738
080497,Casserres,163,21,94,96,41,149,564
080575,Castell de l'Areny,11,3,6,4,1,1,26
259046,Castell de Mur,28,3,23,4,4,4,66
250642,Castellar de la Ribera,2,0,16,4,2,15,39
080522,Castellar de n'Hug,23,9,17,7,5,0,61
080500,Castellar del Riu,14,5,7,4,0,18,48
080517,Castellar del Vallès,2439,2795,251,438,76,172,6171
080538,Castellbell i el Vilar,654,158,40,135,15,59,1061
080543,Castellbisbal,1038,1517,180,226,28,91,3080
080556,Castellcir,62,27,18,19,5,13,144
250674,Castelldans,184,16,127,18,3,7,355
080569,Castelldefels,6086,6897,325,2638,213,426,16585
080581,Castellet i la Gornal,219,147,126,36,9,34,571
170464,Castellfollit de la Roca,201,48,46,59,26,2,382
080608,Castellfollit de Riubregós,15,3,43,5,4,2,72
080594,Castellfollit del Boix,30,19,55,15,4,9,132
080615,Castellgalí,148,81,59,34,9,9,340
080620,Castellnou de Bages,79,106,7,5,1,11,209
250680,Castellnou de Seana,62,11,100,18,9,53,253
170470,Castelló d'Empúries,1027,553,145,505,56,85,2371
250693,Castelló de Farfanya,95,13,83,4,2,8,205
080636,Castellolí,39,15,57,20,3,11,145
170486,Castell-Platja d'Aro,1184,847,137,447,113,121,2849
250707,Castellserà,166,52,106,18,10,32,384
080641,Castellterçol,487,65,15,121,9,39,736
430424,Castellvell del Camp,224,215,26,5,2,12,484
080654,Castellví de la Marca,148,62,156,41,24,43,474
080667,Castellví de Rosanes,126,162,22,27,14,56,407
430430,"Catllar, el",368,348,69,55,21,34,895
250714,Cava,12,1,10,0,0,1,24
171899,"Cellera de Ter, la",403,131,47,73,8,15,677
170499,Celrà,347,269,101,164,27,41,949
080673,Centelles,962,452,204,266,50,122,2056
082687,Cercs,298,69,35,127,20,12,561
082665,Cerdanyola del Vallès,8324,7450,419,1484,173,428,18278
080689,Cervelló,909,842,73,171,12,43,2050
250729,Cervera,1123,815,186,484,31,71,2710
250735,Cervià de les Garrigues,82,39,177,11,5,14,328
170502,Cervià de Ter,118,29,53,18,10,12,240
170519,Cistella,30,13,19,13,4,3,82
250740,Ciutadilla,26,1,41,4,3,4,79
250753,Clariana de Cardener,2,2,15,4,6,14,43
250766,"Cogul, el",13,1,65,1,1,2,83
170545,Colera,74,33,39,35,15,25,221
250772,Coll de Nargó,45,16,137,15,4,5,222
080692,Collbató,346,417,39,67,7,49,925
430458,Colldejou,12,7,35,1,3,0,58
080706,Collsuspina,38,18,11,20,4,3,94
170558,Colomers,37,8,16,11,1,2,75
251636,"Coma i la Pedra, la",68,0,14,7,10,0,99
251615,Conca de Dalt,39,6,106,6,3,2,162
430461,Conesa,16,5,30,2,5,1,59
430477,Constantí,680,628,127,161,33,63,1692
080713,Copons,67,9,17,18,3,4,118
430483,Corbera d'Ebre,129,9,162,20,5,15,340
080728,Corbera de Llobregat,1065,1488,107,419,50,156,3285
250788,Corbins,110,63,127,11,28,47,386
170577,Corçà,255,29,54,34,6,8,386
080734,Cornellà de Llobregat,16113,7500,689,3779,278,532,28891
170561,Cornellà del Terri,309,97,118,49,18,16,607
430496,Cornudella de Montsant,145,19,124,28,19,18,353
430509,Creixell,376,299,56,49,27,21,828
170583,Crespià,27,9,21,16,5,1,79
179011,"Cruïlles, Monells i Sant Sadurní de l'Heura",259,40,10,42,11,5,367
080749,Cubelles,1067,1378,57,257,28,110,2897
250791,Cubells,48,7,52,4,2,10,123
430516,Cunit,1196,1136,40,177,43,66,2658
170600,Darnius,82,18,56,32,19,14,221
170617,Das,12,4,20,14,1,5,56
439018,Deltebre,1557,479,1026,96,60,96,3314
080752,Dosrius,355,506,54,96,12,20,1043
430537,Duesaigües,26,10,31,6,9,4,86
170622,"Escala, l'",1094,515,275,291,50,122,2347
080765,Esparreguera,2279,2928,248,748,67,200,6470
170638,Espinelves,25,6,17,14,2,5,69
250812,"Espluga Calba, l'",40,13,66,16,2,16,153
430542,"Espluga de Francolí, l'",542,197,257,127,44,58,1225
080771,Esplugues de Llobregat,8912,3548,360,2234,153,368,15575
170643,Espolla,37,17,62,9,1,7,133
170656,Esponellà,51,9,22,20,2,7,111
250827,Espot,76,9,9,16,2,2,114
080787,"Espunyola, l'",27,4,21,16,1,5,74
082541,"Esquirol, l'",278,132,128,112,36,30,716
250886,Estamariu,20,1,19,0,2,1,43
080790,"Estany, l'",68,14,32,18,7,9,148
250851,Estaràs,37,3,18,1,3,1,63
250864,Esterri d'Àneu,83,43,62,33,13,13,247
250870,Esterri de Cardós,10,0,11,3,1,0,25
430555,Falset,421,156,144,119,27,28,895
170059,"Far d'Empordà, el",52,35,31,9,10,4,141
250899,Farrera,10,4,22,3,0,6,45
430568,"Fatarella, la",124,14,270,2,2,4,416
430574,"Febró, la",6,0,15,2,1,1,25
081347,Figaró-Montmany,77,50,25,104,13,33,302
080804,Fígols,4,2,11,4,1,0,22
259084,Fígols i Alinyà,29,3,62,4,5,3,106
430580,"Figuera, la",17,3,22,3,7,0,52
170669,Figueres,4941,3316,570,2959,220,351,12357
430593,Figuerola del Camp,27,30,40,6,1,6,110
170675,Flaçà,159,61,44,39,5,17,325
430607,Flix,737,105,225,171,30,151,1419
250925,"Floresta, la",32,4,26,4,4,4,74
080826,Fogars de la Selva,163,79,11,29,4,5,291
080811,Fogars de Montclús,25,24,20,39,3,6,117
170681,Foixà,31,9,51,14,6,3,114
080832,Folgueroles,218,210,63,57,28,8,584
250931,Fondarella,99,52,44,1,5,9,210
080847,Fonollosa,73,96,93,13,14,61,350
170694,Fontanals de Cerdanya,52,32,20,22,23,5,154
170708,Fontanilles,10,4,20,4,1,7,46
170715,Fontcoberta,242,73,5,20,1,3,344
080850,Font-rubí,115,59,181,38,4,28,425
250946,Foradada,17,4,29,2,5,11,68
179026,Forallac,262,75,67,68,26,63,561
430614,Forès,11,1,12,0,1,1,26
170736,Fornells de la Selva,226,174,44,32,11,28,515
170741,Fortià,91,35,35,13,8,12,194
080863,"Franqueses del Vallès, les",1762,1765,114,582,75,122,4420
430629,Freginals,35,12,63,10,6,10,136
250962,"Fuliola, la",217,48,110,15,10,17,417
250978,Fulleda,21,1,14,1,0,2,39
080902,Gaià,25,0,4,14,3,1,47
430635,"Galera, la",46,12,168,25,14,21,286
080879,Gallifa,23,7,17,7,7,6,67
430640,Gandesa,316,119,288,92,42,40,897
430653,Garcia,51,18,108,11,8,5,201
430666,"Garidells, els",29,8,16,3,1,0,57
080885,"Garriga, la",1569,1526,239,627,83,136,4180
170754,Garrigàs,39,9,26,16,2,20,112
170767,Garrigoles,11,8,26,7,2,4,58
170773,Garriguella,79,39,87,36,9,20,270
080898,Gavà,6758,4737,611,1193,149,342,13790
250984,Gavet de la Conca,24,5,66,3,1,17,116
080919,Gelida,506,444,211,364,29,107,1661
170789,Ger,67,38,26,10,3,7,151
259123,Gimenells i el Pla de la Font,196,63,53,4,21,17,354
430672,Ginestar,75,12,170,15,0,20,292
170792,Girona,11831,9530,784,4289,306,949,27689
080924,Gironella,839,232,132,470,37,88,1798
080930,Gisclareny,4,3,3,2,1,1,14
430688,Godall,57,22,142,17,18,23,279
250997,Golmés,121,65,204,31,15,10,446
170806,Gombrèn,30,8,24,21,2,7,92
251001,Gósol,23,1,50,12,1,8,95
080945,"Granada, la",195,127,79,35,6,29,471
251018,"Granadella, la",85,29,145,17,8,3,287
080958,Granera,15,4,2,2,4,5,32
251023,"Granja d'Escarp, la",200,41,98,21,6,20,386
080961,Granollers,8784,6082,693,2488,228,363,18638
251039,Granyanella,15,7,25,2,3,2,54
251057,Granyena de les Garrigues,19,3,39,0,5,4,70
251044,Granyena de Segarra,12,2,38,2,3,1,58
430691,Gratallops,30,10,19,4,2,16,81
080977,Gualba,111,84,20,63,19,11,308
170813,Gualta,51,10,12,19,8,4,104
080996,Guardiola de Berguedà,127,81,33,83,25,25,374
430705,"Guiamets, els",49,4,42,7,2,3,107
170828,Guils de Cerdanya,54,18,16,31,5,12,136
251095,Guimerà,51,8,71,9,1,11,151
259031,"Guingueta d'Àneu, la",33,21,62,12,7,8,143
251109,Guissona,417,310,165,260,36,40,1228
251116,Guixers,22,1,7,26,0,1,57
081000,Gurb,358,92,45,38,53,13,599
430712,Horta de Sant Joan,199,26,168,23,11,34,461
081017,"Hospitalet de Llobregat, l'",50795,18320,2263,14270,760,1464,87872
081629,"Hostalets de Pierola, els",188,167,80,67,13,30,545
170834,Hostalric,474,216,100,174,45,32,1041
081022,Igualada,5604,2962,488,2337,229,280,11900
251155,Isona i Conca Dellà,159,23,168,32,14,42,438
170849,Isòvol,27,11,20,14,3,2,77
251137,Ivars d'Urgell,214,65,207,32,50,7,575
251121,Ivars de Noguera,33,5,44,4,1,25,112
251142,Ivorra,8,0,31,5,4,2,50
170852,Jafre,78,9,18,8,11,6,130
170865,"Jonquera, la",410,162,67,232,29,26,926
081038,Jorba,74,53,36,27,6,18,214
259101,Josa i Tuixén,42,3,7,4,1,2,59
170871,Juià,34,13,24,13,3,10,97
251180,Juncosa,60,1,114,10,6,6,197
251193,Juneda,377,117,334,77,28,47,980
251214,Les,51,53,67,48,27,6,252
251229,Linyola,409,133,154,35,47,25,803
081043,"Llacuna, la",97,32,96,58,21,13,317
170887,Lladó,61,26,59,27,6,11,190
251235,Lladorre,25,10,43,7,5,4,94
251240,Lladurs,3,1,27,10,10,16,67
081056,"Llagosta, la",2206,1472,93,347,25,61,4204
170890,Llagostera,1665,742,351,388,76,277,3499
170904,Llambilles,55,24,8,16,1,3,107
170911,Llanars,71,44,30,36,14,5,200
170926,Llançà,795,352,115,168,62,115,1607
251253,Llardecans,56,7,138,6,9,8,224
251266,Llavorsí,78,7,11,13,5,10,124
251207,Lleida,18990,13232,1355,5499,567,803,40446
170932,Llers,147,77,61,31,6,31,353
251272,Lles de Cerdanya,18,4,53,22,3,6,106
081075,Lliçà d'Amunt,1530,1530,81,151,43,63,3398
081081,Lliçà de Vall,717,753,73,34,28,86,1691
251288,Llimiana,13,4,39,3,1,4,64
081069,Llinars del Vallès,783,899,133,474,30,161,2480
170947,Llívia,159,83,55,82,33,11,423
430727,"Lloar, el",26,0,14,1,3,4,48
251291,Llobera,7,1,23,3,6,15,55
430733,Llorac,12,2,20,2,4,5,45
430748,Llorenç del Penedès,231,157,92,34,21,31,566
170950,Lloret de Mar,3166,2322,256,1419,115,150,7428
170963,"Llosses, les",20,4,13,55,1,5,98
081094,Lluçà,42,7,14,19,1,4,87
171024,Maçanet de Cabrenys,121,18,62,60,8,0,269
171030,Maçanet de la Selva,711,441,99,101,11,58,1421
170979,Madremanya,21,8,29,9,1,3,71
170985,Maià de Montcal,33,12,30,41,1,3,120
251333,Maials,78,9,248,6,2,2,345
251305,Maldà,38,5,58,3,3,7,114
081108,Malgrat de Mar,2350,1503,404,594,96,156,5103
081115,Malla,8,9,10,9,6,17,59
081120,Manlleu,3154,1477,243,795,69,131,5869
081136,Manresa,10098,6474,1049,5770,335,502,24228
430764,Marçà,193,9,5,23,2,24,256
430751,Margalef,8,2,34,3,4,2,53
082423,Marganell,40,25,5,9,0,7,86
081141,Martorell,2799,3760,251,1046,88,154,8098
081154,Martorelles,816,420,97,262,32,71,1698
430770,Mas de Barberans,175,20,18,10,10,6,239
171002,Masarac,24,9,33,2,5,6,79
430786,Masdenverge,135,23,114,24,8,18,322
081167,"Masies de Roda, les",162,29,8,14,9,3,225
081173,"Masies de Voltregà, les",586,226,5,93,40,5,955
430799,Masllorenç,35,16,70,19,28,1,169
081189,"Masnou, el",2902,2318,323,1509,95,228,7375
430803,"Masó, la",17,9,52,1,4,11,94
430810,Maspujols,88,40,29,7,14,2,180
081192,Masquefa,704,961,84,161,22,50,1982
430825,"Masroig, el",37,8,111,20,0,32,208
251312,Massalcoreig,54,13,98,8,2,12,187
171019,Massanes,127,21,15,21,5,19,208
251327,Massoteres,22,9,21,8,4,3,67
081206,Matadepera,837,776,113,233,36,81,2076
081213,Mataró,17882,12295,1160,5221,523,769,37850
081228,Mediona,199,131,139,90,9,27,595
251348,Menàrguens,124,30,91,12,4,31,292
170998,Meranges,10,3,15,1,3,3,35
171058,Mieres,35,10,22,33,2,6,108
430831,"Milà, el",23,6,20,2,0,2,53
251351,Miralcamp,175,68,126,9,5,9,392
430846,Miravet,178,16,59,19,5,5,282
081385,Moià,540,367,176,334,35,82,1534
430859,"Molar, el",33,9,61,3,4,2,112
081234,Molins de Rei,3233,2531,357,946,94,209,7370
251370,Mollerussa,1452,1209,276,304,63,108,3412
171061,Mollet de Peralada,22,3,34,6,5,0,70
081249,Mollet del Vallès,6954,7464,372,1453,159,378,16780
171077,Molló,29,14,49,16,8,10,126
251364,"Molsosa, la",8,2,14,0,5,2,31
081287,Monistrol de Calders,87,35,35,18,18,19,212
081271,Monistrol de Montserrat,380,208,57,194,28,52,919
171096,Montagut i Oix,155,27,43,54,14,7,300
430862,Montblanc,1196,438,206,245,26,38,2149
430884,Montbrió del Camp,105,45,151,78,42,123,544
081252,Montcada i Reixac,4798,3233,421,1092,110,313,9967
081304,Montclar,12,2,9,4,2,3,32
251399,Montellà i Martinet,77,19,50,49,9,16,220
081311,Montesquiu,157,33,13,92,23,2,320
251403,Montferrer i Castellbò,92,38,82,24,13,18,267
430897,Montferri,33,5,19,3,0,1,61
251386,Montgai,95,15,146,13,3,7,279
081265,Montgat,1344,1033,86,455,24,102,3044
081326,Montmajor,39,9,52,33,0,4,137
081332,Montmaneu,20,4,24,5,2,5,60
430901,"Montmell, el",146,82,24,5,5,27,289
081350,Montmeló,1339,1079,50,372,46,28,2914
251425,Montoliu de Lleida,62,19,52,4,2,10,149
251410,Montoliu de Segarra,13,9,37,1,1,10,71
251431,Montornès de Segarra,4,1,31,1,1,0,38
081363,Montornès del Vallès,1980,1845,80,420,32,82,4439
430918,Mont-ral,24,13,16,1,6,7,67
171100,Mont-ras,179,54,44,27,5,211,520
430923,Mont-roig del Camp,1281,456,332,283,119,158,2629
081379,Montseny,36,9,16,23,5,6,95
430939,Móra d'Ebre,615,418,250,183,53,60,1579
430944,Móra la Nova,390,208,144,197,50,17,1006
430957,"Morell, el",329,200,98,102,26,29,784
430960,"Morera de Montsant, la",26,6,12,7,7,3,61
081290,Muntanyola,41,46,9,22,1,6,125
081398,Mura,32,13,20,13,1,8,87
251459,Nalec,6,1,27,0,0,1,35
250254,Naut Aran,177,143,86,50,43,30,529
081402,Navarcles,957,346,140,203,46,106,1798
081419,Navàs,1009,390,93,340,45,55,1932
171117,Navata,134,64,17,44,12,11,282
251462,Navès,18,7,28,16,5,8,82
081424,"Nou de Berguedà, la",19,1,11,11,3,2,47
430976,"Nou de Gaià, la",49,17,47,15,7,10,145
430982,Nulles,55,18,45,9,3,7,137
251484,Odèn,10,0,51,3,2,7,73
081430,Òdena,543,160,64,77,10,41,895
171122,Ogassa,65,4,9,26,2,3,109
081458,Olèrdola,266,309,127,68,15,43,828
081461,Olesa de Bonesvalls,167,118,38,28,7,30,388
081477,Olesa de Montserrat,2572,2492,294,610,53,135,6156
251497,Oliana,349,59,119,68,20,29,644
251500,Oliola,12,1,56,7,1,1,78
251517,Olius,90,32,18,13,9,19,181
081483,Olivella,248,232,19,27,11,21,558
081496,Olost,198,14,86,56,33,12,399
171143,Olot,5148,2098,427,2401,144,181,10399
251522,"Oluges, les",14,1,42,0,5,4,66
081445,Olvan,220,17,27,41,4,15,324
251538,"Omellons, els",40,0,46,1,3,2,92
251543,"Omells de na Gaia, els",24,4,28,0,3,1,60
171156,Ordis,44,30,22,13,2,5,116
251556,Organyà,161,22,98,79,16,3,379
081509,Orís,26,17,4,21,2,3,73
081516,Oristà,59,12,71,30,8,8,188
081521,Orpí,44,1,1,4,1,0,51
081537,Òrrius,44,39,25,46,8,2,164
251569,Os de Balaguer,92,46,113,11,6,18,286
171169,Osor,44,9,10,13,0,2,78
251575,Ossó de Sió,20,9,37,3,1,6,76
081542,Pacs del Penedès,60,87,35,32,8,8,230
081555,Palafolls,839,899,99,82,20,57,1996
171175,Palafrugell,2941,1918,545,758,154,250,6566
171181,Palamós,2431,1469,346,839,127,261,5473
251581,"Palau d'Anglesola, el",178,66,193,18,8,109,572
171194,Palau de Santa Eulàlia,13,4,13,1,0,2,33
171215,Palau-sator,23,1,35,9,2,33,103
171208,Palau-saverdera,107,65,105,39,5,10,331
081568,Palau-solità i Plegamans,1226,1696,169,397,62,131,3681
431009,"Pallaresos, els",216,587,40,18,9,25,895
081574,Pallejà,1106,1370,84,192,44,60,2856
430995,"Palma d'Ebre, la",36,3,88,4,19,4,154
089058,"Palma de Cervelló, la",331,371,58,127,16,43,946
171236,Palol de Revardit,52,18,19,9,5,5,108
171241,Pals,396,160,142,76,12,35,821
081580,"Papiol, el",472,384,116,128,10,42,1152
171254,Pardines,17,6,23,4,0,5,55
081593,Parets del Vallès,2079,2125,254,501,62,87,5108
171267,Parlavà,68,18,14,7,3,7,117
431016,Passanant i Belltall,19,7,53,4,0,3,86
171289,Pau,63,24,40,20,4,10,161
431021,Paüls,35,8,149,5,0,3,200
171292,Pedret i Marzà,20,7,14,4,0,4,49
251641,Penelles,25,13,98,7,7,9,159
171306,"Pera, la",60,13,34,14,2,13,136
081607,Perafita,61,14,25,28,1,5,134
431037,Perafort,70,83,38,14,2,11,218
171328,Peralada,108,101,136,64,43,51,503
251654,Peramola,33,8,56,12,4,7,120
431042,"Perelló, el",282,29,396,60,44,6,817
081614,Piera,1398,1267,301,295,66,141,3468
431055,"Piles, les",17,14,29,3,3,1,67
081635,Pineda de Mar,3457,2655,302,777,124,288,7603
431068,"Pinell de Brai, el",137,25,143,18,15,10,348
251667,Pinell de Solsonès,9,3,26,2,0,21,61
251673,Pinós,13,3,43,8,17,4,88
431074,Pira,76,54,21,6,3,7,167
431080,"Pla de Santa Maria, el",306,93,135,23,20,10,587
081640,"Pla del Penedès, el",123,43,85,38,8,16,313
171334,"Planes d'Hostoles, les",370,74,63,76,8,8,599
171349,Planoles,67,8,3,26,11,3,118
259118,"Plans de Sió, els",34,8,117,7,9,7,182
251689,"Poal, el",80,8,101,9,11,7,216
251692,"Pobla de Cérvoles, la",43,10,39,0,2,3,97
081653,"Pobla de Claramunt, la",288,137,62,113,13,35,648
081666,"Pobla de Lillet, la",217,38,113,131,48,5,552
431093,"Pobla de Mafumet, la",191,110,53,27,2,7,390
431107,"Pobla de Massaluca, la",43,0,88,4,2,4,141
431114,"Pobla de Montornès, la",279,205,45,48,9,13,599
251713,"Pobla de Segur, la",629,94,106,215,48,31,1123
431129,Poboleda,48,9,54,8,13,6,138
081672,Polinyà,560,1021,33,98,8,20,1740
431135,"Pont d'Armentera, el",86,20,71,19,1,8,205
250306,"Pont de Bar, el",20,13,28,2,0,3,66
171352,Pont de Molins,72,44,12,21,3,9,161
251734,"Pont de Suert, el",379,225,83,61,11,34,793
081825,"Pont de Vilomara i Rocafort, el",490,232,34,136,16,44,952
431418,Pontils,17,7,12,2,4,6,48
081688,Pontons,65,24,28,30,8,6,161
171365,Pontós,28,9,27,18,2,1,85
251728,Ponts,363,92,161,157,40,33,846
171371,Porqueres,755,255,33,54,9,39,1145
431140,Porrera,56,14,84,15,3,11,183
171404,"Port de la Selva, el",146,29,63,37,25,28,328
171387,Portbou,288,61,46,149,21,31,596
251749,"Portella, la",92,16,67,5,32,13,225
431153,Pradell de la Teixeta,16,2,50,1,6,0,75
431166,Prades,63,29,81,30,16,15,234
431172,Prat de Comte,17,1,50,2,3,2,75
081691,"Prat de Llobregat, el",10227,7463,636,2274,291,424,21315
431188,Pratdip,174,11,11,10,10,4,220
081712,Prats de Lluçanès,498,97,98,145,28,34,900
081705,"Prats de Rei, els",53,22,79,28,15,2,199
251752,Prats i Sansor,21,24,8,16,7,5,81
251765,Preixana,55,14,61,3,7,5,145
251771,Preixens,43,10,94,7,4,16,174
082303,Premià de Dalt,1324,1069,122,287,33,95,2930
081727,Premià de Mar,3585,3389,309,1530,129,213,9155
171390,"Preses, les",205,132,67,65,12,25,506
251790,Prullans,34,9,16,14,4,4,81
171411,Puigcerdà,878,512,140,974,68,89,2661
081748,Puigdàlber,36,27,33,14,2,6,118
251804,Puiggròs,33,11,30,0,5,28,107
431191,Puigpelat,68,76,38,12,6,16,216
081751,Puig-reig,812,264,73,297,44,34,1524
251811,Puigverd d'Agramunt,25,5,49,7,3,6,95
251826,Puigverd de Lleida,215,63,77,9,8,9,381
081764,Pujalt,15,3,35,1,2,4,60
081770,"Quar, la",3,0,4,11,1,2,21
171426,Quart,308,270,41,97,11,42,769
170433,Queralbs,57,0,5,6,7,4,79
431205,Querol,98,12,2,7,9,5,133
171432,Rabós,30,9,22,4,2,2,69
081786,Rajadell,61,19,26,23,1,11,141
431212,Rasquera,74,2,185,9,3,0,273
171447,Regencós,46,13,31,6,8,0,104
081799,Rellinars,49,60,17,7,2,13,148
431227,Renau,10,5,5,4,1,1,26
431233,Reus,14554,10885,890,3901,447,567,31244
251832,Rialp,65,44,45,29,12,10,205
431248,"Riba, la",84,30,30,91,19,15,269
431251,Riba-roja d'Ebre,224,59,158,29,18,6,494
259059,Ribera d'Ondara,42,7,77,11,7,4,148
251850,Ribera d'Urgellet,133,20,89,26,8,16,292
171450,Ribes de Freser,315,120,95,206,32,22,790
171463,Riells i Viabrea,324,404,14,31,8,35,816
431264,"Riera de Gaià, la",126,81,94,44,13,19,377
251863,Riner,13,3,29,13,2,18,78
171479,Ripoll,2003,761,120,1034,38,46,4002
081803,Ripollet,4513,4518,331,923,106,222,10613
259139,Riu de Cerdanya,15,3,3,7,0,4,32
171485,Riudarenes,265,75,64,57,17,24,502
171498,Riudaura,70,21,10,36,0,3,140
431270,Riudecanyes,107,22,125,20,19,10,303
431286,Riudecols,134,16,126,57,27,6,366
171501,Riudellots de la Selva,234,128,62,38,13,30,505
431299,Riudoms,783,281,316,279,127,24,1810
171518,Riumors,37,4,24,9,1,3,78
081810,"Roca del Vallès, la",958,998,230,288,47,109,2630
431303,Rocafort de Queralt,30,12,53,12,3,6,116
431310,Roda de Berà,694,600,27,100,52,40,1513
081831,Roda de Ter,798,436,170,196,42,105,1747
431325,Rodonyà,39,27,65,16,6,8,161
431331,Roquetes,1126,417,433,257,63,16,2312
171523,Roses,1997,1167,275,1116,153,122,4830
251898,Rosselló,289,153,102,19,36,15,614
431346,"Rourell, el",30,9,49,6,1,8,103
081846,Rubí,9316,8618,589,1817,189,515,21044
081859,Rubió,6,5,19,1,2,2,35
171539,Rupià,30,10,16,10,0,3,69
089019,Rupit i Pruit,77,3,2,32,5,4,123
081878,Sabadell,34362,21310,2505,5267,773,1490,65707
081884,Sagàs,8,1,17,10,3,3,42
251902,Salàs de Pallars,44,9,59,11,9,2,134
081901,Saldes,42,4,31,25,4,0,106
171544,Sales de Llierca,15,1,6,11,1,0,34
081918,Sallent,1340,424,206,409,60,113,2552
431359,Salomó,67,19,54,6,2,4,152
439057,Salou,1869,2343,95,976,162,156,5601
171557,Salt,3692,2687,248,688,76,260,7651
251919,Sanaüja,70,13,66,8,7,16,180
081944,Sant Adrià de Besòs,6130,3081,283,1271,113,241,11119
081957,Sant Agustí de Lluçanès,3,6,8,9,0,1,27
081960,Sant Andreu de la Barca,2617,3964,98,747,156,136,7718
081976,Sant Andreu de Llavaneres,858,1130,99,397,77,105,2666
171576,Sant Andreu Salou,21,3,16,3,1,3,47
171833,Sant Aniol de Finestres,30,18,15,27,12,4,106
081982,Sant Antoni de Vilamajor,506,481,114,115,34,67,1317
081995,Sant Bartomeu del Grau,126,28,15,34,103,12,318
082009,Sant Boi de Llobregat,14049,9239,689,2081,212,539,26809
082016,Sant Boi de Lluçanès,76,17,18,37,21,0,169
431362,Sant Carles de la Ràpita,2168,685,509,413,138,271,4184
082037,Sant Cebrià de Vallalta,263,341,43,39,21,56,763
082021,Sant Celoni,2039,1036,346,679,83,154,4337
082042,Sant Climent de Llobregat,311,451,125,109,11,64,1071
171582,Sant Climent Sescebes,49,23,54,14,10,8,158
082055,Sant Cugat del Vallès,6610,8298,689,3374,318,517,19806
082068,Sant Cugat Sesgarrigues,87,53,63,15,4,14,236
251961,Sant Esteve de la Sarga,22,2,22,2,0,0,48
082074,Sant Esteve de Palautordera,184,124,71,101,15,28,523
082080,Sant Esteve Sesrovires,625,820,55,144,33,57,1734
171595,Sant Feliu de Buixalleu,139,46,22,30,14,16,267
082107,Sant Feliu de Codines,429,395,240,369,73,138,1644
171609,Sant Feliu de Guíxols,3111,1765,321,903,177,330,6607
082114,Sant Feliu de Llobregat,6781,4999,408,1353,147,291,13979
171616,Sant Feliu de Pallerols,254,33,56,65,3,28,439
082129,Sant Feliu Sasserra,104,23,42,27,9,13,218
171621,Sant Ferriol,30,7,7,17,3,2,66
082093,Sant Fost de Campsentelles,1065,806,69,122,32,78,2172
082135,Sant Fruitós de Bages,887,749,90,183,33,75,2017
171637,Sant Gregori,360,214,64,117,14,29,798
251924,Sant Guim de Freixenet,164,60,45,62,11,6,348
251977,Sant Guim de la Plana,15,3,26,1,2,8,55
171642,Sant Hilari Sacalm,877,353,145,300,40,63,1778
082153,Sant Hipòlit de Voltregà,588,196,60,156,31,36,1067
081939,Sant Iscle de Vallalta,122,122,38,40,13,18,353
439023,Sant Jaume d'Enveja,588,151,284,33,16,19,1091
082166,Sant Jaume de Frontanyà,2,1,3,4,0,0,10
171655,Sant Jaume de Llierca,213,12,2,33,2,6,268
431378,Sant Jaume dels Domenys,223,110,122,42,12,55,564
171674,Sant Joan de les Abadesses,749,120,54,341,38,39,1341
171680,Sant Joan de Mollet,62,23,39,8,0,10,142
082188,Sant Joan de Vilatorrada,1431,1188,133,314,29,83,3178
082172,Sant Joan Despí,4524,3878,266,1092,91,161,10012
171851,Sant Joan les Fonts,605,123,39,159,50,12,988
171668,Sant Jordi Desvalls,77,18,56,39,1,29,220
089030,Sant Julià de Cerdanyola,16,6,33,10,9,23,97
171693,Sant Julià de Ramis,438,96,30,95,9,9,677
082205,Sant Julià de Vilatorta,394,222,25,105,37,25,808
179032,Sant Julià del Llor i Bonmatí,254,76,9,31,6,3,379
082212,Sant Just Desvern,2073,1371,263,741,71,141,4660
082227,Sant Llorenç d'Hortons,163,238,97,64,20,28,610
171714,Sant Llorenç de la Muga,37,18,10,12,2,5,84
251930,Sant Llorenç de Morunys,156,33,44,72,8,11,324
082233,Sant Llorenç Savall,243,174,97,98,19,59,690
082251,Sant Martí d'Albars,18,1,6,6,1,1,33
082248,Sant Martí de Centelles,113,58,20,71,6,13,281
171729,Sant Martí de Llémena,59,48,22,35,2,9,175
259025,Sant Martí de Riucorb,75,8,161,8,10,0,262
082264,Sant Martí de Tous,117,59,101,38,11,30,356
082270,Sant Martí Sarroca,277,146,244,73,13,50,803
082286,Sant Martí Sesgueioles,42,9,51,14,3,1,120
171735,Sant Martí Vell,46,2,5,15,1,8,77
082299,Sant Mateu de Bages,145,11,52,14,4,5,231
171740,Sant Miquel de Campmajor,26,3,14,16,4,3,66
171753,Sant Miquel de Fluvià,91,48,17,34,2,20,212
171766,Sant Mori,22,3,6,11,4,5,51
171772,Sant Pau de Segúries,127,26,41,29,19,1,243
082310,Sant Pere de Ribes,3123,3793,211,604,78,264,8073
082325,Sant Pere de Riudebitlles,357,136,148,51,20,19,731
082331,Sant Pere de Torelló,364,176,92,84,19,26,761
082346,Sant Pere de Vilamajor,399,444,52,64,12,35,1006
171788,Sant Pere Pescador,185,103,97,89,8,40,522
081897,Sant Pere Sallavinera,26,3,4,5,7,1,46
082359,Sant Pol de Mar,474,567,151,182,60,72,1506
082362,Sant Quintí de Mediona,227,100,144,125,18,31,645
082378,Sant Quirze de Besora,379,105,62,176,11,19,752
082384,Sant Quirze del Vallès,1576,2248,126,220,42,102,4314
082397,Sant Quirze Safaja,54,45,10,21,11,15,156
251945,Sant Ramon,39,9,93,9,13,15,178
082401,Sant Sadurní d'Anoia,1667,745,304,383,53,122,3274
082418,Sant Sadurní d'Osormort,10,0,7,8,1,2,28
080983,Sant Salvador de Guardiola,332,355,29,19,12,26,773
082628,Sant Vicenç de Castellet,1464,276,97,641,14,40,2532
082649,Sant Vicenç de Montalt,522,572,88,138,36,36,1392
082652,Sant Vicenç de Torelló,377,133,39,76,11,15,651
082634,Sant Vicenç dels Horts,3594,3331,394,500,72,283,8174
431384,Santa Bàrbara,376,132,441,149,79,71,1248
082439,Santa Cecília de Voltregà,28,4,5,15,3,3,58
082444,Santa Coloma de Cervelló,547,1139,62,148,20,50,1966
171805,Santa Coloma de Farners,1545,974,201,388,34,127,3269
082457,Santa Coloma de Gramenet,23670,8463,983,5193,368,751,39428
431397,Santa Coloma de Queralt,355,115,259,141,46,46,962
171812,Santa Cristina d'Aro,938,613,49,194,30,70,1894
082460,Santa Eugènia de Berga,410,102,32,49,3,26,622
082476,Santa Eulàlia de Riuprimer,158,29,31,39,23,7,287
082482,Santa Eulàlia de Ronçana,722,679,85,114,13,64,1677
082495,Santa Fe del Penedès,29,41,13,7,1,7,98
171827,Santa Llogaia d'Àlguema,36,19,17,15,5,7,99
082508,Santa Margarida de Montbui,1760,755,125,264,40,103,3047
082515,Santa Margarida i els Monjos,581,681,182,148,21,73,1686
082589,Santa Maria d'Oló,161,46,70,20,6,26,329
082536,Santa Maria de Besora,31,2,8,13,3,3,60
082567,Santa Maria de Martorelles,98,88,3,47,5,8,249
082554,Santa Maria de Merlès,12,2,8,18,1,2,43
082573,Santa Maria de Miralles,18,3,12,3,4,1,41
082592,Santa Maria de Palautordera,1006,732,160,282,70,85,2335
431401,Santa Oliva,367,262,70,39,17,37,792
171848,Santa Pau,264,25,66,98,19,7,479
082606,Santa Perpètua de Mogoda,2841,3112,242,490,76,167,6928
082613,Santa Susanna,326,293,25,52,16,17,729
081923,Santpedor,841,618,101,104,41,97,1802
431423,Sarral,181,81,157,56,11,24,510
171864,Sarrià de Ter,685,408,71,98,16,29,1307
252017,Sarroca de Bellera,27,1,33,1,1,3,66
252000,Sarroca de Lleida,32,11,97,6,5,8,159
171870,"Saus, Camallera i Llampaies",111,38,46,48,8,11,262
431439,Savallà del Comtat,6,6,14,0,1,0,27
431444,"Secuita, la",151,124,88,15,14,13,405
171886,"Selva de Mar, la",48,12,13,4,0,5,82
431457,"Selva del Camp, la",697,434,156,112,24,20,1443
431460,Senan,9,1,7,0,0,0,17
430445,"Sénia, la",768,423,307,228,62,44,1832
252022,Senterada,15,6,17,3,0,3,44
250352,"Sentiu de Sió, la",81,9,48,6,3,7,154
082671,Sentmenat,903,651,116,215,27,104,2016
171903,Serinyà,190,65,3,39,3,2,302
252043,Seròs,222,43,238,42,66,6,617
171910,Serra de Daró,24,5,21,5,4,8,67
171925,Setcases,29,12,12,7,8,3,71
252038,"Seu d'Urgell, la",1746,812,246,1036,95,110,4045
082690,Seva,405,229,79,142,15,39,909
252056,Sidamon,62,79,52,3,3,5,204
171931,Sils,614,314,48,91,18,38,1123
082704,Sitges,3126,2301,407,1831,188,245,8098
170524,Siurana,19,7,18,4,4,3,55
082711,Sobremunt,10,5,1,6,2,1,25
252069,"Soleràs, el",121,2,9,4,1,1,138
431476,Solivella,67,17,140,6,4,13,247
252075,Solsona,1122,570,160,579,51,66,2548
082726,Sora,15,7,11,22,9,0,64
252081,Soriguera,27,9,65,11,7,7,126
252094,Sort,218,172,160,133,26,41,750
252108,Soses,185,51,178,11,29,11,465
082732,Subirats,305,178,258,71,45,50,907
252115,Sudanell,93,30,83,9,8,20,243
252120,Sunyer,32,4,47,0,2,8,93
082747,Súria,1112,530,114,258,32,59,2105
171946,Susqueda,15,8,7,2,8,1,41
082763,Tagamanent,31,27,3,12,2,5,80
082779,Talamanca,26,8,1,2,0,2,39
252154,Talarn,45,12,39,16,1,21,134
252167,Talavera,19,2,67,3,4,1,96
171959,"Tallada d'Empordà, la",41,13,40,8,6,6,114
082785,Taradell,670,427,201,262,64,94,1718
431482,Tarragona,18711,13700,1229,5842,616,1017,41115
252173,Tàrrega,1967,1315,419,665,124,104,4594
252189,Tarrés,15,3,20,3,0,6,47
252192,Tarroja de Segarra,10,7,37,4,2,2,62
082750,Tavèrnoles,36,15,7,10,1,5,74
082802,Tavertet,24,5,7,15,4,2,57
082819,Teià,674,697,98,219,28,57,1773
252206,Térmens,96,35,181,42,6,97,457
171962,Terrades,14,9,37,16,2,4,82
082798,Terrassa,30355,21983,2629,5857,725,1509,63058
082824,Tiana,797,690,101,250,31,86,1955
252213,Tírvia,10,7,20,10,0,4,51
252228,Tiurana,0,0,7,0,0,0,7
431495,Tivenys,124,19,148,19,6,11,327
431508,Tivissa,194,47,311,26,42,16,636
082830,Tona,853,551,148,347,27,124,2050
252234,Torà,151,70,90,58,15,32,416
082845,Tordera,1927,1022,255,354,72,177,3807
082858,Torelló,1982,1280,253,548,72,164,4299
252249,"Torms, els",19,6,42,0,0,4,71
252252,Tornabous,54,19,171,27,2,9,282
252271,"Torre de Cabdella, la",87,8,130,16,6,27,274
082861,"Torre de Claramunt, la",547,165,48,39,2,20,821
431515,"Torre de Fontaubella, la",21,6,20,4,5,0,56
431520,"Torre de l'Espanyol, la",46,18,122,31,8,12,237
252265,Torrebesses,24,5,81,4,4,4,122
431536,Torredembarra,1615,1496,263,549,96,159,4178
252287,Torrefarrera,234,201,106,38,59,14,652
259078,Torrefeta i Florejacs,46,14,124,7,15,22,228
252304,Torregrossa,212,47,401,39,9,31,739
252311,Torrelameu,89,9,62,9,18,0,187
082877,Torrelavit,102,73,124,36,16,26,377
082883,Torrelles de Foix,259,176,76,107,21,26,665
082896,Torrelles de Llobregat,361,497,144,193,19,70,1284
171978,Torrent,18,1,15,6,2,17,59
252326,Torres de Segre,255,108,167,46,58,4,638
252332,Torre-serona,86,14,2,7,5,1,115
171984,Torroella de Fluvià,95,6,1,44,1,1,148
171997,Torroella de Montgrí,1211,767,306,430,76,173,2963
431541,Torroja del Priorat,12,7,34,3,2,2,60
172001,Tortellà,114,12,70,63,7,14,280
431554,Tortosa,4830,2217,1311,1345,258,266,10227
172018,Toses,19,8,20,2,7,5,61
172023,Tossa de Mar,773,399,80,333,80,108,1773
252347,Tremp,1227,197,170,347,26,55,2022
172044,Ullà,113,27,53,36,2,34,265
082900,Ullastrell,102,144,90,42,14,13,405
172057,Ullastret,30,11,26,10,2,1,80
431567,Ulldecona,783,300,518,271,86,69,2027
431573,Ulldemolins,55,6,114,13,6,7,201
172039,Ultramort,16,7,30,3,2,11,69
172060,Urús,22,11,17,7,6,8,71
082917,Vacarisses,477,458,54,68,65,46,1168
170144,"Vajol, la",11,5,8,16,0,0,40
172076,"Vall d'en Bas, la",381,85,216,152,38,12,884
172082,"Vall de Bianya, la",168,67,60,97,20,8,420
250432,"Vall de Boí, la",93,50,131,47,7,22,350
259010,Vall de Cardós,35,10,72,8,1,18,144
082922,Vallbona d'Anoia,152,95,51,34,7,17,356
252385,Vallbona de les Monges,27,4,56,3,9,2,101
082938,Vallcebre,29,10,34,17,5,0,95
431589,Vallclara,13,5,24,2,5,0,49
252402,Vallfogona de Balaguer,251,87,78,25,12,25,478
171707,Vallfogona de Ripollès,19,10,23,17,5,6,80
431592,Vallfogona de Riucorb,14,0,28,2,1,4,49
082943,Vallgorguina,159,219,63,45,14,40,540
082956,Vallirana,1344,1367,103,298,38,116,3266
172095,Vall-llobrega,37,69,28,18,4,23,179
431606,Vallmoll,205,107,80,25,8,22,447
082969,Vallromanes,234,239,25,35,10,29,572
431613,Valls,3508,2074,326,894,160,82,7044
259062,"Valls d'Aguilar, les",41,10,56,6,4,7,124
252398,"Valls de Valira, les",72,19,133,14,8,11,257
431628,Vandellòs i l'Hospitalet de l'Infant,590,374,252,179,31,52,1478
259097,"Vansa i Fórnols, la",27,2,35,4,2,4,74
082975,Veciana,11,9,21,3,2,3,49
431634,"Vendrell, el",3078,3576,450,1255,219,268,8846
172109,Ventalló,127,15,54,29,11,12,248
252424,Verdú,111,58,119,18,9,14,329
172116,Verges,167,37,122,54,8,7,395
431649,Vespella de Gaià,65,15,6,4,1,6,97
082981,Vic,4737,3047,394,2819,194,265,11456
172121,Vidrà,13,3,10,17,6,4,53
172137,Vidreres,1026,445,75,184,17,52,1799
252430,Vielha e Mijaran,429,493,168,285,66,60,1501
431652,Vilabella,78,10,126,20,6,24,264
172142,Vilabertran,110,31,86,29,19,6,281
172155,Vilablareix,231,281,28,31,6,21,598
082994,Vilada,92,9,18,57,7,10,193
172174,Viladamat,56,14,44,11,5,13,143
172168,Viladasens,22,9,17,7,1,4,60
083015,Viladecans,8590,8559,405,1217,157,438,19366
083008,Viladecavalls,712,1090,55,49,8,32,1946
172180,Vilademuls,73,7,73,57,3,13,226
172207,Viladrau,108,40,54,44,16,49,311
172214,Vilafant,633,497,56,88,24,55,1353
083054,Vilafranca del Penedès,4745,3857,601,1434,138,278,11053
252445,Vilagrassa,56,20,53,5,3,7,144
172235,Vilajuïga,98,126,72,39,13,16,364
431750,Vilalba dels Arcs,60,3,175,7,1,0,246
083067,Vilalba Sasserra,37,86,24,17,6,14,184
252458,Vilaller,70,76,42,16,4,16,224
172240,Vilallonga de Ter,62,22,53,18,6,10,171
431665,Vilallonga del Camp,181,81,104,26,15,22,429
172253,Vilamacolum,27,11,32,15,3,3,91
172266,Vilamalla,136,99,8,31,2,5,281
172272,Vilamaniscle,26,4,10,5,1,8,54
252477,Vilamòs,14,10,15,6,1,1,47
172288,Vilanant,23,4,44,31,7,0,109
431671,Vilanova d'Escornalbou,61,17,59,6,16,0,159
252483,Vilanova de Bellpuig,110,21,201,13,17,16,378
252496,Vilanova de l'Aguda,17,2,48,4,0,4,75
252542,Vilanova de la Barca,96,49,117,16,17,19,314
252509,Vilanova de Meià,35,10,74,7,2,36,164
431687,Vilanova de Prades,12,2,29,4,2,2,51
083036,Vilanova de Sau,35,19,16,28,13,13,124
252516,Vilanova de Segrià,161,17,71,14,0,6,269
083020,Vilanova del Camí,1993,853,112,368,15,52,3393
089024,Vilanova del Vallès,311,357,83,61,26,47,885
083073,Vilanova i la Geltrú,9438,6651,674,2552,349,490,20154
431690,Vilaplana,99,9,55,12,14,7,196
431704,Vila-rodona,157,41,116,34,14,38,400
172305,Vila-sacra,71,19,7,29,9,5,140
252521,Vila-sana,65,9,80,4,15,5,178
431711,Vila-seca,2054,1625,246,498,57,75,4555
082140,Vilassar de Dalt,1099,873,194,313,47,96,2622
082191,Vilassar de Mar,2090,2456,335,1021,110,148,6160
172229,Vilaür,14,14,9,5,1,3,46
431726,Vilaverd,58,26,56,8,3,3,154
431732,"Vilella Alta, la",8,0,38,1,3,1,51
431747,"Vilella Baixa, la",40,5,20,2,12,1,80
172333,Vilobí d'Onyar,343,165,100,75,27,35,745
083041,Vilobí del Penedès,88,46,116,21,7,12,290
172327,Vilopriu,45,3,7,7,3,2,67
252537,"Vilosell, el",26,10,42,7,2,2,89
431763,Vimbodí i Poblet,190,36,93,28,12,23,382
252555,Vinaixa,58,16,115,9,26,5,229
431779,Vinebre,47,7,90,18,0,2,164
431785,Vinyols i els Arcs,215,101,53,69,16,9,463
083089,Viver i Serrateix,10,3,21,8,3,4,49
430521,Xerta,153,30,203,15,15,22,438
,Catalunya,1063841,639033,127847,384423,37343,63287,2315774

